aux <-
structure(c(Inf, 2.98692672483611, 0, 0.0321979658418535, 0.0528272460669244, 
0.323152547622, 0.433835682127511, 0.226679224663352, 0.178186991141569, 
0.395830159719919, 0.00548178570451025, 0.11959386412164, 0.153197952196156, 
0.112816347307912, 87.3574468085107, 684.3, 0.127659574468085, 
0.808311583773215, 1.68003247878087, 0.145799049189933, 0.5478923410173, 
0.323612927630163, 0.803816365311528, 0.835593976736151, 0.76852422357864, 
0.817636473569043), .Names = c("overlapping.F1", "overlapping.F1v", 
"overlapping.F2", "overlapping.F3", "overlapping.F4", "neighborhood.N1", 
"neighborhood.N2", "neighborhood.N3", "neighborhood.N4", "neighborhood.T1", 
"neighborhood.LSCAvg", "linearity.L1", "linearity.L2", "linearity.L3", 
"dimensionality.T2", "dimensionality.T3", "dimensionality.T4", 
"balance.C1", "balance.C2", "network.Density", "network.ClsCoef", 
"network.Hubs", "ANN", "C4.5", "kNN", "SVM"))
