aux <-
structure(c(Inf, Inf, Inf, Inf, Inf, Inf, Inf, Inf, Inf, Inf, 
3.07547150181841, 2.93155650401026, 2.94504887058526, 2.95968205438439, 
3.01965700411695, 2.90862536513152, 2.93185997491831, 3.01712922016359, 
3.0632879184335, 3.01694883479894, 0, 0, 0, 0, 0, 0, 0, 0, 0, 
0, 0.027520701412567, 0.0267900633219679, 0.0265465172917681, 
0.0267900633219679, 0.0246041412911084, 0.0260594252313687, 0.0238733252131547, 
0.0270336093521676, 0.0859717486604968, 0.0267900633219679, 0.0465172917681442, 
0.0465172917681442, 0.0452995616171456, 0.0479785679493424, 0.043605359317905, 
0.0467608377983439, 0.0431181485992692, 0.0470043838285436, 0.114223088163663, 
0.0472479298587433, 0.314905017048222, 0.330248416950804, 0.32464685825621, 
0.330735509011203, 0.319853836784409, 0.328056502679006, 0.323751522533496, 
0.321480759863614, 0.317584023380419, 0.320263029712616, 0.435058276298863, 
0.433125996642034, 0.437152586922267, 0.443495271762248, 0.429924251850918, 
0.440858032796415, 0.431601276605077, 0.436163547855276, 0.429469970308455, 
0.421507610233561, 0.221383341451534, 0.231612274719922, 0.228446176327326, 
0.232586458840721, 0.224604141291108, 0.226984900146128, 0.224360535931791, 
0.226010716025329, 0.223331709693132, 0.227471992206527, 0.168533852898198, 
0.180467608377983, 0.177301509985387, 0.178275694106186, 0.185383678440926, 
0.184120798830979, 0.172472594397077, 0.179006332196785, 0.175596687773989, 
0.180711154408183, 0.390160740379932, 0.397710667316123, 0.396980029225524, 
0.396249391134925, 0.392935444579781, 0.402094495859717, 0.393422655298417, 
0.39965903555772, 0.397223575255723, 0.39186556259133, 0.00541026888762931, 
0.00542349605877751, 0.00548844562114203, 0.00513451499225706, 
0.00542964003673367, 0.00507656456081402, 0.00543248852814591, 
0.00537865416914503, 0.0056385117332719, 0.00640527245718608, 
0.11370357857123, 0.113379200651855, 0.136846496559355, 0.112484835337953, 
0.112467105953389, 0.115968367312346, 0.152514126043584, 0.113597578546724, 
0.11250364010783, 0.112473712132134, 0.153677545056016, 0.152216268874817, 
0.155138821237214, 0.154164637116415, 0.150548112058465, 0.155869459327813, 
0.157369062119367, 0.151485630784218, 0.147832440331223, 0.153677545056016, 
0.107890891378471, 0.107890891378471, 0.11690209449586, 0.113005358012664, 
0.114981729598051, 0.109352167559669, 0.124238733252132, 0.11690209449586, 
0.103019970774476, 0.113979542133463, 87.3617021276596, 87.3617021276596, 
87.3617021276596, 87.3617021276596, 87.3404255319149, 87.3617021276596, 
87.3404255319149, 87.3617021276596, 87.3617021276596, 87.3617021276596, 
684.333333333333, 684.333333333333, 684.333333333333, 684.333333333333, 
684.166666666667, 684.333333333333, 684.166666666667, 684.333333333333, 
684.333333333333, 684.333333333333, 0.127659574468085, 0.127659574468085, 
0.127659574468085, 0.127659574468085, 0.127659574468085, 0.127659574468085, 
0.127659574468085, 0.127659574468085, 0.127659574468085, 0.127659574468085, 
0.808370182644195, 0.808370182644195, 0.808370182644195, 0.808370182644195, 
0.808077188289297, 0.808370182644195, 0.808077188289297, 0.808370182644195, 
0.808370182644195, 0.808370182644195, 1.67976728520279, 1.67976728520279, 
1.67976728520279, 1.67976728520279, 1.68109325309317, 1.67976728520279, 
1.68109325309317, 1.67976728520279, 1.67976728520279, 1.67976728520279, 
0.146060694874498, 0.14548437182033, 0.145582858156538, 0.14567458097327, 
0.145935399467677, 0.145624981830458, 0.145816089825321, 0.14580391845094, 
0.146130703233971, 0.145876893266323, 0.549276525604892, 0.548535983025551, 
0.547373533938486, 0.548417193097405, 0.547531742048169, 0.54693423088048, 
0.546936566939399, 0.547463902032933, 0.54855188172984, 0.547901850875847, 
0.326338005049412, 0.324578069463574, 0.319606466004808, 0.323823309371139, 
0.325687956266016, 0.323647142499896, 0.323694409488983, 0.328055418936938, 
0.317056579336723, 0.323641919884138, 0.778508771929825, 0.789473684210526, 
0.826754385964912, 0.835526315789474, 0.783369803063457, 0.839912280701754, 
0.814004376367615, 0.791666666666667, 0.787280701754386, 0.791666666666667, 
0.831140350877193, 0.842105263157895, 0.835526315789474, 0.831140350877193, 
0.833698030634573, 0.859649122807018, 0.857768052516411, 0.826754385964912, 
0.81140350877193, 0.826754385964912, 0.743421052631579, 0.796052631578947, 
0.767543859649123, 0.782894736842105, 0.759299781181619, 0.796052631578947, 
0.770240700218818, 0.754385964912281, 0.74780701754386, 0.767543859649123, 
0.828947368421053, 0.848684210526316, 0.75, 0.853070175438597, 
0.824945295404814, 0.857456140350877, 0.7527352297593, 0.802631578947368, 
0.81359649122807, 0.844298245614035), .Dim = c(10L, 26L), .Dimnames = list(
    NULL, c("overlapping.F1", "overlapping.F1v", "overlapping.F2", 
    "overlapping.F3", "overlapping.F4", "neighborhood.N1", "neighborhood.N2", 
    "neighborhood.N3", "neighborhood.N4", "neighborhood.T1", 
    "neighborhood.LSCAvg", "linearity.L1", "linearity.L2", "linearity.L3", 
    "dimensionality.T2", "dimensionality.T3", "dimensionality.T4", 
    "balance.C1", "balance.C2", "network.Density", "network.ClsCoef", 
    "network.Hubs", "ANN", "C4.5", "kNN", "SVM")))
