aux <-
structure(c(0.411518871999029, 0.715934786738838, 0.353674181019444, 
0.321663531403274, 0.557001476179455, 0.460239616564473, 0.368964886489857, 
0.378067378039206, 0.409227274200106, 0.435225575139489, 0.57322777024015, 
0.522137018482178, 0.557686781888833, 0.507621433702319, 0.552286225131493, 
0.514038821672866, 0.572680219837891, 0.531205207894836, 0.520624993015528, 
0.527105136506278, 0.00326715471638958, 0.00106991170203768, 
0.00481157741701995, 0.0060046531421501, 0.00297652670035825, 
0.00352773534857274, 0.0059889716692192, 0.00199393737093242, 
0.00345718064160129, 0.00352839933038125, 0.0510510510510511, 
0.0510510510510511, 0.0600600600600601, 0.0483383685800604, 0.0483383685800604, 
0.048048048048048, 0.0451807228915663, 0.0481927710843374, 0.0483383685800604, 
0.0512048192771084, 0.0960960960960961, 0.108108108108108, 0.0900900900900901, 
0.0755287009063444, 0.0876132930513595, 0.0810810810810811, 0.0783132530120482, 
0.0783132530120482, 0.0845921450151057, 0.0813253012048193, 0.552552552552553, 
0.567567567567568, 0.522522522522523, 0.540785498489426, 0.558912386706949, 
0.555555555555556, 0.551204819277108, 0.521084337349398, 0.534743202416918, 
0.536144578313253, 0.783463722191362, 0.754567301806111, 0.783781792651429, 
0.814293500004138, 0.761077462281187, 0.791113760724164, 0.800462165524621, 
0.780077000177593, 0.768298272192912, 0.784733865418433, 0.33033033033033, 
0.348348348348348, 0.294294294294294, 0.350453172205438, 0.326283987915408, 
0.354354354354354, 0.343373493975904, 0.322289156626506, 0.335347432024169, 
0.313253012048193, 0.327327327327327, 0.363363363363363, 0.354354354354354, 
0.38368580060423, 0.323262839879154, 0.354354354354354, 0.433734939759036, 
0.424698795180723, 0.380664652567976, 0.406626506024096, 0.606606606606607, 
0.615615615615616, 0.60960960960961, 0.637462235649547, 0.613293051359517, 
0.603603603603604, 0.629518072289157, 0.596385542168675, 0.607250755287009, 
0.605421686746988, 0.00909017125233341, 0.00916231546862177, 
0.00934267600934268, 0.00909082611513221, 0.00961108423617893, 
0.00939678417155895, 0.00945347655682973, 0.00995246044418638, 
0.00949242887523845, 0.00964399767745682, 0.229516260633467, 
0.239346453587456, 0.239869659983698, 0.236840841642699, 0.246547870728418, 
0.240111362610777, 0.240512225189858, 0.239108442977031, 0.231413699800119, 
0.237581318871065, 0.357357357357357, 0.351351351351351, 0.354354354354354, 
0.356495468277946, 0.344410876132931, 0.354354354354354, 0.343373493975904, 
0.352409638554217, 0.356495468277946, 0.352409638554217, 0.3003003003003, 
0.312312312312312, 0.3003003003003, 0.317220543806647, 0.299093655589124, 
0.318318318318318, 0.328313253012048, 0.27710843373494, 0.305135951661631, 
0.337349397590361, 41.625, 41.625, 41.625, 41.375, 41.375, 41.625, 
41.5, 41.5, 41.375, 41.5, 166.5, 166.5, 166.5, 165.5, 165.5, 
166.5, 166, 166, 165.5, 166, 0.25, 0.25, 0.25, 0.25, 0.25, 0.25, 
0.25, 0.25, 0.25, 0.25, 0.992016476790925, 0.992016476790925, 
0.992016476790925, 0.991919526084969, 0.991919526084969, 0.992016476790925, 
0.99242141943475, 0.991501786685554, 0.991919526084969, 0.991501786685554, 
1.02234096877736, 1.02234096877736, 1.02234096877736, 1.0226148279427, 
1.0226148279427, 1.02234096877736, 1.02119778486816, 1.0237955346651, 
1.0226148279427, 1.0237955346651, 0.102427728933753, 0.101939288686277, 
0.102463909692825, 0.102499313375446, 0.103030303030303, 0.102156373240711, 
0.102682633858698, 0.102409638554217, 0.102426073423052, 0.101736250136498, 
0.719106336222683, 0.718165251788968, 0.707884197053828, 0.717119790400294, 
0.715469694302646, 0.723228986911784, 0.720753953967776, 0.720252865414156, 
0.727047802425288, 0.721042500075195, 0.183160056471381, 0.175220295703814, 
0.205978691571506, 0.179242395174096, 0.195318020168571, 0.179285305258165, 
0.192291771717268, 0.183842042823917, 0.180720691269635, 0.181350993942062, 
0.638888888888889, 0.416666666666667, 0.75, 0.605263157894737, 
0.578947368421053, 0.555555555555556, 0.513513513513513, 0.702702702702703, 
0.605263157894737, 0.675675675675676, 0.722222222222222, 0.583333333333333, 
0.666666666666667, 0.684210526315789, 0.526315789473684, 0.611111111111111, 
0.675675675675676, 0.675675675675676, 0.657894736842105, 0.513513513513513, 
0.694444444444444, 0.777777777777778, 0.583333333333333, 0.736842105263158, 
0.631578947368421, 0.75, 0.648648648648649, 0.702702702702703, 
0.552631578947368, 0.594594594594595, 0.583333333333333, 0.666666666666667, 
0.666666666666667, 0.736842105263158, 0.552631578947368, 0.694444444444444, 
0.648648648648649, 0.621621621621622, 0.710526315789474, 0.594594594594595
), .Dim = c(10L, 26L), .Dimnames = list(NULL, c("overlapping.F1", 
"overlapping.F1v", "overlapping.F2", "overlapping.F3", "overlapping.F4", 
"neighborhood.N1", "neighborhood.N2", "neighborhood.N3", "neighborhood.N4", 
"neighborhood.T1", "neighborhood.LSCAvg", "linearity.L1", "linearity.L2", 
"linearity.L3", "dimensionality.T2", "dimensionality.T3", "dimensionality.T4", 
"balance.C1", "balance.C2", "network.Density", "network.ClsCoef", 
"network.Hubs", "ANN", "C4.5", "kNN", "SVM")))
