aux <-
structure(c(0.441151757777317, 0.537861360837237, 0.00366260480386625, 
0.0499803629203404, 0.0861061321577101, 0.544107302075125, 0.782186884297195, 
0.331832758212294, 0.375207293341461, 0.612476677893633, 0.00942362208068793, 
0.238084813602459, 0.352301200119058, 0.309545246662598, 41.5125, 
166.05, 0.25, 0.991924947822447, 1.02259972131359, 0.102377151293178, 
0.719007137856262, 0.185641026410041, 0.604247668721353, 0.631661925082978, 
0.667255413308045, 0.647597597597598), .Names = c("overlapping.F1", 
"overlapping.F1v", "overlapping.F2", "overlapping.F3", "overlapping.F4", 
"neighborhood.N1", "neighborhood.N2", "neighborhood.N3", "neighborhood.N4", 
"neighborhood.T1", "neighborhood.LSCAvg", "linearity.L1", "linearity.L2", 
"linearity.L3", "dimensionality.T2", "dimensionality.T3", "dimensionality.T4", 
"balance.C1", "balance.C2", "network.Density", "network.ClsCoef", 
"network.Hubs", "ANN", "C4.5", "kNN", "SVM"))
