aux <-
structure(c(4.60760180181523, 4.71139287761522, 4.92288949390919, 
4.61803059600729, 4.72300925882901, 4.90394486810147, 4.54273463015058, 
4.37251538537795, 4.69703125435172, 4.35382231712682, 1.45514243453806, 
1.56717423891694, 1.37346956993143, 1.44861383840039, 1.38679194602497, 
1.2967844627246, 1.58422180246381, 1.31214597336871, 1.47604692863431, 
1.32675465812129, 2.53263804101199e-14, 1.70580139886924e-14, 
8.63333534513214e-15, 1.58962109108836e-15, 1.60273706485919e-14, 
6.69025840410306e-15, 1.39072027458664e-14, 1.02809064613534e-11, 
9.18900709054003e-14, 8.68909668799822e-15, 0.125762195121951, 
0.44359756097561, 0.252094440213252, 0.11890243902439, 0.130335365853659, 
0.143292682926829, 0.124237804878049, 0.11890243902439, 0.152439024390244, 
0.124904798172125, 0.361280487804878, 0.619664634146341, 0.443259710586443, 
0.364329268292683, 0.372713414634146, 0.379573170731707, 0.358231707317073, 
0.356707317073171, 0.399390243902439, 0.353389185072353, 0.205030487804878, 
0.201219512195122, 0.201827875095202, 0.204268292682927, 0.201219512195122, 
0.198932926829268, 0.197408536585366, 0.208079268292683, 0.201219512195122, 
0.212490479817213, 0.46452037716179, 0.466645935796087, 0.461667499068837, 
0.463296015007748, 0.462788654538977, 0.469727672546096, 0.461803704024551, 
0.449055246162224, 0.478214034900366, 0.48036339427151, 0.129573170731707, 
0.125, 0.122619954303123, 0.132621951219512, 0.128048780487805, 
0.124237804878049, 0.125, 0.125, 0.128048780487805, 0.134805788271135, 
0.137957317073171, 0.116615853658537, 0.12033511043412, 0.128810975609756, 
0.10594512195122, 0.125, 0.10594512195122, 0.122713414634146, 
0.120426829268293, 0.143945163747144, 0.330792682926829, 0.325457317073171, 
0.332825590251333, 0.329268292682927, 0.333841463414634, 0.327743902439024, 
0.334603658536585, 0.313262195121951, 0.342225609756098, 0.348819497334349, 
0.0339914624851279, 0.0338462271341463, 0.0340528164949602, 0.035621003123141, 
0.035306132882213, 0.0336702018887567, 0.0375665758848899, 0.0392896480889352, 
0.0337927805249851, 0.0323410687779189, 0.0725955000108785, 0.0707073115566139, 
0.0706331333557561, 0.0732385998217366, 0.0706598818890707, 0.0736262006701455, 
0.0733381676135535, 0.072241370408504, 0.0714759328484752, 0.0735866623866035, 
0.0846036585365854, 0.0777439024390244, 0.0807311500380807, 0.0807926829268293, 
0.0785060975609756, 0.0815548780487805, 0.0777439024390244, 0.0792682926829268, 
0.0807926829268293, 0.0822543792840823, 0.0975609756097561, 0.103658536585366, 
0.0974866717440975, 0.0945121951219512, 0.104420731707317, 0.0929878048780488, 
0.0884146341463414, 0.0929878048780488, 0.0998475609756098, 0.0906321401370906, 
35.4594594594595, 35.4594594594595, 35.4864864864865, 35.4594594594595, 
35.4594594594595, 35.4594594594595, 35.4594594594595, 35.4594594594595, 
35.4594594594595, 35.4864864864865, 1312, 1312, 1313, 1312, 1312, 
1312, 1312, 1312, 1312, 1313, 0.027027027027027, 0.027027027027027, 
0.027027027027027, 0.027027027027027, 0.027027027027027, 0.027027027027027, 
0.027027027027027, 0.027027027027027, 0.027027027027027, 0.027027027027027, 
0.534943699097107, 0.534943699097107, 0.536845245799211, 0.534943699097107, 
0.534943699097107, 0.534943699097107, 0.534943699097107, 0.534943699097107, 
0.534943699097107, 0.536845245799211, 3.66944444444444, 3.66944444444444, 
3.64751822377502, 3.66944444444444, 3.66944444444444, 3.66944444444444, 
3.66944444444444, 3.66944444444444, 3.66944444444444, 3.64751822377502, 
0.167927108332868, 0.167591068073152, 0.167891906451433, 0.16757827761344, 
0.167702693903369, 0.167996874476754, 0.16808873323287, 0.167222470279623, 
0.168342216888988, 0.167496006167221, 0.582407499283113, 0.578348905208908, 
0.579796849535103, 0.57678091777208, 0.581966966802202, 0.580351287619769, 
0.582383456139911, 0.584838237247952, 0.580214395545302, 0.578147360743634, 
0.351590045258393, 0.37635590848303, 0.360086573659647, 0.384518710235289, 
0.374517887841154, 0.352949877185837, 0.357042884723457, 0.37996292566223, 
0.368682666323987, 0.360582469698573, 0.931506849315068, 0.883561643835616, 
0.875862068965517, 0.910958904109589, 0.897260273972603, 0.910958904109589, 
0.89041095890411, 0.821917808219178, 0.897260273972603, 0.910344827586207, 
0.897260273972603, 0.897260273972603, 0.903448275862069, 0.863013698630137, 
0.883561643835616, 0.876712328767123, 0.883561643835616, 0.89041095890411, 
0.904109589041096, 0.889655172413793, 0.883561643835616, 0.897260273972603, 
0.882758620689655, 0.876712328767123, 0.863013698630137, 0.876712328767123, 
0.883561643835616, 0.863013698630137, 0.897260273972603, 0.903448275862069, 
0.924657534246575, 0.89041095890411, 0.910344827586207, 0.910958904109589, 
0.883561643835616, 0.897260273972603, 0.89041095890411, 0.904109589041096, 
0.904109589041096, 0.944827586206897), .Dim = c(10L, 26L), .Dimnames = list(
    NULL, c("overlapping.F1", "overlapping.F1v", "overlapping.F2", 
    "overlapping.F3", "overlapping.F4", "neighborhood.N1", "neighborhood.N2", 
    "neighborhood.N3", "neighborhood.N4", "neighborhood.T1", 
    "neighborhood.LSCAvg", "linearity.L1", "linearity.L2", "linearity.L3", 
    "dimensionality.T2", "dimensionality.T3", "dimensionality.T4", 
    "balance.C1", "balance.C2", "network.Density", "network.ClsCoef", 
    "network.Hubs", "ANN", "C4.5", "kNN", "SVM")))
