aux <-
structure(c(4.64529724832845, 1.42271458531245, 1.04707178115804e-12, 
0.17344687505805, 0.400853913956123, 0.20316964036929, 0.465808253347819, 
0.127495623037914, 0.122769490832761, 0.33188402095369, 0.0349477917285074, 
0.0722102760561338, 0.0803991626883139, 0.0962509055783627, 35.4648648648649, 
1312.2, 0.027027027027027, 0.535324008437528, 3.66505920031056, 
0.167783735541972, 0.580523587589797, 0.36662899490716, 0.893004251299008, 
0.888899385923477, 0.882730278696268, 0.90606518658479), .Names = c("overlapping.F1", 
"overlapping.F1v", "overlapping.F2", "overlapping.F3", "overlapping.F4", 
"neighborhood.N1", "neighborhood.N2", "neighborhood.N3", "neighborhood.N4", 
"neighborhood.T1", "neighborhood.LSCAvg", "linearity.L1", "linearity.L2", 
"linearity.L3", "dimensionality.T2", "dimensionality.T3", "dimensionality.T4", 
"balance.C1", "balance.C2", "network.Density", "network.ClsCoef", 
"network.Hubs", "ANN", "C4.5", "kNN", "SVM"))
