aux <-
structure(c(0.628499566574784, 0.572492351990963, 1.91543782343734e-15, 
0.0677463626795913, 0.167621655995576, 0.193360064137755, 0.511719127684336, 
0.120636908932274, 0.110685143678074, 0.284922117718661, 0.0235255803257909, 
0.100724573717221, 0.101727493400706, 0.103858577464233, 38.0189189189189, 
1406.7, 0.027027027027027, 0.476454996729696, 4.44139567750545, 
0.171126724863995, 0.631158404752744, 0.384457421030884, 0.880989710926017, 
0.883557896455985, 0.878425608361914, 0.897627796831618), .Names = c("overlapping.F1", 
"overlapping.F1v", "overlapping.F2", "overlapping.F3", "overlapping.F4", 
"neighborhood.N1", "neighborhood.N2", "neighborhood.N3", "neighborhood.N4", 
"neighborhood.T1", "neighborhood.LSCAvg", "linearity.L1", "linearity.L2", 
"linearity.L3", "dimensionality.T2", "dimensionality.T3", "dimensionality.T4", 
"balance.C1", "balance.C2", "network.Density", "network.ClsCoef", 
"network.Hubs", "ANN", "C4.5", "kNN", "SVM"))
