aux <-
structure(c(0.679223920359513, 0.571522659477525, 0.628687569839001, 
0.580269745807653, 0.687102871180299, 0.689570242693127, 0.620813987140045, 
0.578933911879315, 0.636974534719119, 0.611896222652241, 1.59859113175702, 
0.450673790247798, 0.441473636421226, 0.417999874319059, 0.459796128587665, 
0.438730795132119, 0.500997710695155, 0.420084227204199, 0.536030149956455, 
0.46054607558893, 1.91543008858386e-14, 2.42579262823683e-20, 
7.03601293337597e-21, 5.71707476769841e-21, 1.13964603518352e-20, 
9.36945397887986e-21, 6.66162990840168e-23, 4.91561238642039e-21, 
7.89088223991615e-21, 6.69849555297216e-21, 0.0660980810234542, 
0.0625889046941678, 0.0639658848614073, 0.0646766169154229, 0.0646766169154229, 
0.0923951670220327, 0.0696517412935323, 0.0646766169154229, 0.0654338549075391, 
0.0633001422475107, 0.142146410803127, 0.133001422475107, 0.177683013503909, 
0.253020611229566, 0.198294243070362, 0.179815209665956, 0.141435678749112, 
0.147121535181237, 0.159317211948791, 0.144381223328592, 0.196872778962331, 
0.189189189189189, 0.193319118692253, 0.198294243070362, 0.183368869936034, 
0.194029850746269, 0.194029850746269, 0.197583511016347, 0.191322901849218, 
0.195590327169275, 0.519271012832091, 0.510425443040152, 0.511836389003396, 
0.51406740220847, 0.499475944842836, 0.510952359700882, 0.509774495496418, 
0.510428471434511, 0.514052520103136, 0.516907238181473, 0.115849324804549, 
0.118065433854908, 0.118692253020611, 0.120113717128643, 0.117981520966596, 
0.126510305614783, 0.119402985074627, 0.126510305614783, 0.121621621621622, 
0.121621621621622, 0.103056147832267, 0.111664295874822, 0.118692253020611, 
0.105188343994314, 0.120824449182658, 0.100213219616205, 0.10092395167022, 
0.117981520966596, 0.103840682788051, 0.124466571834993, 0.290689410092395, 
0.299431009957326, 0.286425017768301, 0.281449893390192, 0.28997867803838, 
0.280739161336176, 0.27363184079602, 0.292110874200426, 0.271692745376956, 
0.283072546230441, 0.0244487785460958, 0.0221303132885075, 0.0226737164012408, 
0.0234233442393071, 0.024353812216206, 0.0248988583329671, 0.0233662634133627, 
0.0228000014143921, 0.0242958950565449, 0.0228648203492854, 0.100811249197471, 
0.102271333123048, 0.101000788365578, 0.100469878111832, 0.0996596861128352, 
0.10047686340559, 0.101019326572278, 0.100540745671742, 0.10041826076726, 
0.100577605844579, 0.101634683724236, 0.102418207681366, 0.101634683724236, 
0.101634683724236, 0.101634683724236, 0.101634683724236, 0.101634683724236, 
0.101634683724236, 0.101706970128023, 0.101706970128023, 0.10092395167022, 
0.0874822190611664, 0.110163468372424, 0.104477611940298, 0.0987917555081734, 
0.107320540156361, 0.115138592750533, 0.111584932480455, 0.102418207681366, 
0.100284495021337, 38.027027027027, 38, 38.027027027027, 38.027027027027, 
38.027027027027, 38.027027027027, 38.027027027027, 38.027027027027, 
38, 38, 1407, 1406, 1407, 1407, 1407, 1407, 1407, 1407, 1406, 
1406, 0.027027027027027, 0.027027027027027, 0.027027027027027, 
0.027027027027027, 0.027027027027027, 0.027027027027027, 0.027027027027027, 
0.027027027027027, 0.027027027027027, 0.027027027027027, 0.476386598345721, 
0.476614592958972, 0.476386598345721, 0.476386598345721, 0.476386598345721, 
0.476386598345721, 0.476386598345721, 0.476386598345721, 0.476614592958972, 
0.476614592958972, 4.4424237925574, 4.43899674238422, 4.4424237925574, 
4.4424237925574, 4.4424237925574, 4.4424237925574, 4.4424237925574, 
4.4424237925574, 4.43899674238422, 4.43899674238422, 0.172386391553713, 
0.16986478893203, 0.171407744856292, 0.170975037432225, 0.171726209432415, 
0.171016488377054, 0.171264183047372, 0.170846640603121, 0.171209306328242, 
0.170570458077482, 0.63069675062242, 0.623654538002016, 0.633481208913211, 
0.633943513937111, 0.627686805422559, 0.63462470293258, 0.632817581230322, 
0.631172006802053, 0.630954609932745, 0.632552329732427, 0.411056917537501, 
0.314326877621964, 0.466519665116351, 0.333074946085683, 0.337765179060956, 
0.419428121496776, 0.378823441308223, 0.351584588459432, 0.386081587681261, 
0.445912885940693, 0.846153846153846, 0.872611464968153, 0.897435897435897, 
0.897435897435897, 0.865384615384615, 0.865384615384615, 0.891025641025641, 
0.891025641025641, 0.898089171974522, 0.885350318471338, 0.878205128205128, 
0.904458598726115, 0.878205128205128, 0.897435897435897, 0.865384615384615, 
0.897435897435897, 0.865384615384615, 0.903846153846154, 0.866242038216561, 
0.878980891719745, 0.858974358974359, 0.878980891719745, 0.871794871794872, 
0.871794871794872, 0.884615384615385, 0.897435897435897, 0.871794871794872, 
0.871794871794872, 0.89171974522293, 0.885350318471338, 0.903846153846154, 
0.898089171974522, 0.897435897435897, 0.897435897435897, 0.897435897435897, 
0.891025641025641, 0.897435897435897, 0.891025641025641, 0.904458598726115, 
0.898089171974522), .Dim = c(10L, 26L), .Dimnames = list(NULL, 
    c("overlapping.F1", "overlapping.F1v", "overlapping.F2", 
    "overlapping.F3", "overlapping.F4", "neighborhood.N1", "neighborhood.N2", 
    "neighborhood.N3", "neighborhood.N4", "neighborhood.T1", 
    "neighborhood.LSCAvg", "linearity.L1", "linearity.L2", "linearity.L3", 
    "dimensionality.T2", "dimensionality.T3", "dimensionality.T4", 
    "balance.C1", "balance.C2", "network.Density", "network.ClsCoef", 
    "network.Hubs", "ANN", "C4.5", "kNN", "SVM")))
