aux <-
structure(c(0.479516783870277, 0.54129385823974, 1.01789889323737, 
0.479710073719054, 0.537701347640662, 0.642634743729307, 0.574086170775957, 
0.530342890971236, 0.520621516711266, 0.543444730112839, 0.69729098211734, 
0.804126914006894, 0.818194587662416, 0.716668140949521, 1.01403748724262, 
0.798082476784163, 0.87490474595255, 0.632895424343053, 0.734768221846323, 
0.982687186424994, 9.92792724499412e-07, 8.46077581009008e-07, 
1.86042876702061e-07, 8.97739854893245e-09, 3.28778603465581e-07, 
7.27033983951322e-07, 4.08821223668075e-07, 5.28012336814652e-07, 
6.63602651204476e-07, 4.09677105036511e-07, 0.16551724137931, 
0.193103448275862, 0.193103448275862, 0.179310344827586, 0.158620689655172, 
0.151724137931034, 0.151724137931034, 0.16551724137931, 0.16551724137931, 
0.166666666666667, 0.986206896551724, 0.986206896551724, 0.986206896551724, 
0.986206896551724, 0.986206896551724, 1, 0.986206896551724, 0.986206896551724, 
1, 0.986111111111111, 0.510344827586207, 0.551724137931034, 0.544827586206897, 
0.524137931034483, 0.531034482758621, 0.510344827586207, 0.482758620689655, 
0.551724137931034, 0.503448275862069, 0.506944444444444, 0.765469214270514, 
0.785343486247684, 0.815711432102728, 0.764384743487222, 0.731693654113786, 
0.783403616245088, 0.76617257989148, 0.810806171453571, 0.746641682304307, 
0.769562877982647, 0.296551724137931, 0.296551724137931, 0.310344827586207, 
0.289655172413793, 0.275862068965517, 0.289655172413793, 0.255172413793103, 
0.303448275862069, 0.289655172413793, 0.270833333333333, 0.220689655172414, 
0.172413793103448, 0.255172413793103, 0.158620689655172, 0.213793103448276, 
0.179310344827586, 0.151724137931034, 0.2, 0.220689655172414, 
0.25, 0.620689655172414, 0.682758620689655, 0.648275862068965, 
0.63448275862069, 0.6, 0.662068965517241, 0.648275862068965, 
0.668965517241379, 0.606896551724138, 0.659722222222222, 0.0254458977407848, 
0.0241141498216409, 0.0248275862068966, 0.0264447086801427, 0.0262068965517241, 
0.0260166468489893, 0.0250653983353151, 0.0243043995243757, 0.0274435196195006, 
0.0256558641975309, 0.104883935832173, 0.146183910194174, 0.117674171051038, 
0.124200388267043, 0.138372447237579, 0.135332347627469, 0.141294071804812, 
0.123920810933651, 0.125856256400488, 0.148657042074531, 0.186206896551724, 
0.193103448275862, 0.2, 0.193103448275862, 0.172413793103448, 
0.179310344827586, 0.172413793103448, 0.2, 0.144827586206897, 
0.166666666666667, 0.220689655172414, 0.179310344827586, 0.227586206896552, 
0.220689655172414, 0.158620689655172, 0.255172413793103, 0.227586206896552, 
0.268965517241379, 0.16551724137931, 0.256944444444444, 3.71794871794872, 
3.71794871794872, 3.71794871794872, 3.71794871794872, 3.71794871794872, 
3.71794871794872, 3.71794871794872, 3.71794871794872, 3.71794871794872, 
3.69230769230769, 145, 145, 145, 145, 145, 145, 145, 145, 145, 
144, 0.0256410256410256, 0.0256410256410256, 0.0256410256410256, 
0.0256410256410256, 0.0256410256410256, 0.0256410256410256, 0.0256410256410256, 
0.0256410256410256, 0.0256410256410256, 0.0256410256410256, 0.908824671034663, 
0.908824671034663, 0.908824671034663, 0.908824671034663, 0.908824671034663, 
0.908824671034663, 0.908824671034663, 0.908824671034663, 0.901356294383873, 
0.903776288234583, 1.28234910985671, 1.28234910985671, 1.28234910985671, 
1.28234910985671, 1.28234910985671, 1.28234910985671, 1.28234910985671, 
1.28234910985671, 1.30841018884497, 1.29991126885537, 0.120785440613027, 
0.121647509578544, 0.1227969348659, 0.124137931034483, 0.125287356321839, 
0.126819923371647, 0.125478927203065, 0.121264367816092, 0.122413793103448, 
0.127622377622378, 0.61466374932915, 0.602355512384653, 0.608697398008352, 
0.6199373331786, 0.617430911735436, 0.605513765887279, 0.618492530556813, 
0.610507620503077, 0.618232706917233, 0.615782374100719, 0.27847061820775, 
0.27733429225065, 0.283792923104265, 0.28052536036261, 0.277908902202624, 
0.294774639741075, 0.284590920395131, 0.25980023823815, 0.284912159389327, 
0.268209460053945, 0.6875, 0.75, 0.8125, 0.625, 0.6875, 0.5625, 
0.6875, 0.75, 0.5625, 0.647058823529412, 0.5625, 0.5625, 0.8125, 
0.625, 0.5625, 0.75, 0.75, 0.6875, 0.6875, 0.588235294117647, 
0.6875, 0.8125, 0.875, 0.5625, 0.75, 0.8125, 0.625, 0.6875, 0.5625, 
0.823529411764706, 0.75, 0.75, 0.8125, 0.75, 0.625, 0.75, 0.6875, 
0.875, 0.75, 0.529411764705882), .Dim = c(10L, 26L), .Dimnames = list(
    NULL, c("overlapping.F1", "overlapping.F1v", "overlapping.F2", 
    "overlapping.F3", "overlapping.F4", "neighborhood.N1", "neighborhood.N2", 
    "neighborhood.N3", "neighborhood.N4", "neighborhood.T1", 
    "neighborhood.LSCAvg", "linearity.L1", "linearity.L2", "linearity.L3", 
    "dimensionality.T2", "dimensionality.T3", "dimensionality.T4", 
    "balance.C1", "balance.C2", "network.Density", "network.ClsCoef", 
    "network.Hubs", "ANN", "C4.5", "kNN", "SVM")))
