aux <-
structure(c(0.586725100900771, 0.807365616732987, 5.09981648490003e-07, 
0.169080459770115, 0.988955938697318, 0.521728927203065, 0.773918945809903, 
0.287772988505747, 0.202241379310345, 0.643213601532567, 0.0255525067526901, 
0.130637538142296, 0.180804597701149, 0.218108237547893, 3.71538461538462, 
144.9, 0.0256410256410256, 0.907572995089576, 1.2867114336554, 
0.123825456153042, 0.613161390260131, 0.279031951394553, 0.677205882352941, 
0.658823529411765, 0.719852941176471, 0.727941176470588), .Names = c("overlapping.F1", 
"overlapping.F1v", "overlapping.F2", "overlapping.F3", "overlapping.F4", 
"neighborhood.N1", "neighborhood.N2", "neighborhood.N3", "neighborhood.N4", 
"neighborhood.T1", "neighborhood.LSCAvg", "linearity.L1", "linearity.L2", 
"linearity.L3", "dimensionality.T2", "dimensionality.T3", "dimensionality.T4", 
"balance.C1", "balance.C2", "network.Density", "network.ClsCoef", 
"network.Hubs", "ANN", "C4.5", "kNN", "SVM"))
