aux <-
structure(c(27.3404007740263, 26.3229042948679, 26.7326397328921, 
25.478707133809, 30.2720475691676, 36.2114954352485, 26.4149885621503, 
26.9406030789031, 29.1751008044973, 27.5806679419789, 5.16082334610681, 
4.33759926688248, 4.58101171198222, 5.05640962144794, 3.89226137326607, 
5.09540325099307, 3.91083734967375, 4.71216897815772, 4.95037718323925, 
3.56246434919426, 1.48993184033315e-14, 4.82419606202225e-15, 
1.13705324657004e-14, 5.8073305198832e-15, 2.49944992822772e-15, 
5.9597273613326e-15, 2.42159683631543e-15, 7.44965920166575e-15, 
5.29753543229564e-14, 1.3758457112779e-21, 0.533802816901408, 
0.533630707829557, 0.535680751173709, 0.53374809249912, 0.534100246507806, 
0.581523653010917, 0.534272300469484, 0.535156708533865, 0.53556338028169, 
0.534921939194741, 0.62981220657277, 0.631177368235708, 0.636619718309859, 
0.631999060922643, 0.635168447000822, 0.67813123606057, 0.635798122065728, 
0.632820753609579, 0.635093896713615, 0.631529522244395, 0.0145539906103286, 
0.01361662166921, 0.0139671361502347, 0.0133818523300857, 0.0139687756778965, 
0.0126775443127128, 0.0154929577464789, 0.0143209296865829, 0.0133802816901408, 
0.0145556990257072, 0.0300182810447468, 0.0319049472502663, 0.0323103561390365, 
0.030680668244082, 0.0310083727815468, 0.0259348502187821, 0.0301776952795313, 
0.0306929779762177, 0.0335382804516165, 0.0321635742243579, 0.00598591549295775, 
0.00481277145204836, 0.00539906103286385, 0.00516492546073483, 
0.00539969479985914, 0.00457800211292405, 0.00446009389671361, 
0.00551707946942129, 0.00539906103286385, 0.00645615682591854, 
0.0129107981220657, 0.0102124662519075, 0.0131455399061033, 0.0122080056344641, 
0.00903861955628595, 0.0116210822866534, 0.0118544600938967, 
0.010564620260594, 0.0105633802816901, 0.00997769691278319, 0.0293427230046948, 
0.02723324333842, 0.0288732394366197, 0.0240638572602418, 0.0274680126775443, 
0.0248855499471769, 0.027112676056338, 0.0292287827209766, 0.0264084507042254, 
0.0279375513557929, 0.25890716954308, 0.26893259084418, 0.270913977605854, 
0.271329393163974, 0.271036572221038, 0.335586745114368, 0.270122192466221, 
0.27013657256414, 0.28103158268862, 0.272338978485508, 0.00713000590714795, 
0.00698986912768296, 0.0070474066460548, 0.00701247230076267, 
0.00703537767681774, 0.0068860869394828, 0.00715032609319506, 
0.00704690025162649, 0.00699516139653175, 0.00715994532415008, 
0.00715962441314555, 0.00704308017372934, 0.00704225352112675, 
0.00704308017372934, 0.00704308017372934, 0.00704308017372934, 
0.00715962441314555, 0.00704308017372934, 0.00704225352112675, 
0.00716046484329147, 0.00950704225352117, 0.00798215753022657, 
0.00680751173708916, 0.00528231013029701, 0.00669092616504285, 
0.00669092616504285, 0.00938967136150237, 0.00704308017372934, 
0.00762910798122063, 0.00586923347810775, 224.210526315789, 224.184210526316, 
224.210526315789, 224.184210526316, 224.184210526316, 224.184210526316, 
224.210526315789, 224.184210526316, 224.210526315789, 224.184210526316, 
8520, 8519, 8520, 8519, 8519, 8519, 8520, 8519, 8520, 8519, 0.0263157894736842, 
0.0263157894736842, 0.0263157894736842, 0.0263157894736842, 0.0263157894736842, 
0.0263157894736842, 0.0263157894736842, 0.0263157894736842, 0.0263157894736842, 
0.0263157894736842, 0.0621446260876618, 0.0613168399849795, 0.0613108599473175, 
0.0613168399849795, 0.0613168399849795, 0.0613168399849795, 0.0621446260876618, 
0.0613168399849795, 0.0613108599473175, 0.0613168399849795, 68.2133425884255, 
69.3314749058996, 69.3396712009132, 69.3314749058996, 69.3314749058996, 
69.3314749058996, 68.2133425884255, 69.3314749058996, 69.3396712009132, 
69.3314749058996, 0.195289485474887, 0.194604406359763, 0.194995775805201, 
0.19463061740009, 0.194898047183786, 0.194954410567035, 0.194870455270654, 
0.194974227326231, 0.195572173109873, 0.19561605329479, 0.678429167102289, 
0.684466419513234, 0.685136289308307, 0.686188349569286, 0.686915427010912, 
0.685421824850289, 0.684058552285916, 0.684457446687044, 0.686213086387351, 
0.683852173865256, 0.290959970706945, 0.28505212196428, 0.285033212721269, 
0.284435622748654, 0.281563928418718, 0.285983962429787, 0.286374384232582, 
0.284542650639085, 0.283725130874256, 0.283636851482324, 0.995771670190275, 
0.992608236536431, 0.994714587737844, 0.992608236536431, 0.993664202745512, 
0.992608236536431, 0.994714587737844, 0.997888067581837, 0.994714587737844, 
0.994720168954593, 0.99154334038055, 0.992608236536431, 0.994714587737844, 
0.992608236536431, 0.993664202745512, 0.994720168954593, 0.992600422832981, 
0.997888067581837, 0.994714587737844, 0.994720168954593, 0.993657505285412, 
0.993664202745512, 0.992600422832981, 0.993664202745512, 0.993664202745512, 
0.991552270327349, 0.988372093023256, 0.994720168954593, 0.997885835095137, 
0.991552270327349, 0.994714587737844, 0.991552270327349, 0.994714587737844, 
0.992608236536431, 0.993664202745512, 0.993664202745512, 0.993657505285412, 
0.997888067581837, 0.994714587737844, 0.994720168954593), .Dim = c(10L, 
26L), .Dimnames = list(NULL, c("overlapping.F1", "overlapping.F1v", 
"overlapping.F2", "overlapping.F3", "overlapping.F4", "neighborhood.N1", 
"neighborhood.N2", "neighborhood.N3", "neighborhood.N4", "neighborhood.T1", 
"neighborhood.LSCAvg", "linearity.L1", "linearity.L2", "linearity.L3", 
"dimensionality.T2", "dimensionality.T3", "dimensionality.T4", 
"balance.C1", "balance.C2", "network.Density", "network.ClsCoef", 
"network.Hubs", "ANN", "C4.5", "kNN", "SVM")))
