aux <-
structure(c(28.2469555327541, 4.52593564309436, 1.08207166477281e-14, 
0.53924005964023, 0.637815033173569, 0.0139915788899378, 0.0308430003610184, 
0.00531727615763053, 0.0112096669306444, 0.027255408650203, 0.277033577469698, 
0.00704535516634523, 0.00707796215804828, 0.00728919669757797, 
224.194736842105, 8519.4, 0.0263157894736842, 0.0614812011979836, 
69.1094877014075, 0.195040565179231, 0.684513873657988, 0.28513078362179, 
0.994401258229504, 0.993978201999862, 0.993133317408261, 0.994189841739018
), .Names = c("overlapping.F1", "overlapping.F1v", "overlapping.F2", 
"overlapping.F3", "overlapping.F4", "neighborhood.N1", "neighborhood.N2", 
"neighborhood.N3", "neighborhood.N4", "neighborhood.T1", "neighborhood.LSCAvg", 
"linearity.L1", "linearity.L2", "linearity.L3", "dimensionality.T2", 
"dimensionality.T3", "dimensionality.T4", "balance.C1", "balance.C2", 
"network.Density", "network.ClsCoef", "network.Hubs", "ANN", 
"C4.5", "kNN", "SVM"))
