aux <-
structure(c(1.70990656728348, 1.72373844793792, 1.51505223426396, 
1.74494833650578, 1.54431340266845, 1.71013052380777, 5.29656631480433, 
1.6924848254116, 1.88439710544725, 2.40602567002656, 4.6006407338313, 
4.22905414224483, 3.945973314472, 3.85168809715682, 3.94320335415148, 
3.77071300221811, 3.56826862497613, 4.0673215415019, 3.67060330618736, 
4.03787912310862, 2.54928120013892e-07, 1.03306339254908e-13, 
2.90725041209212e-08, 1.17847342382682e-08, 5.25354242049934e-08, 
3.76400314172827e-08, 1.39805022666789e-09, 3.76400314172827e-08, 
2.85815248591073e-08, 2.86525507496691e-08, 0.463917525773196, 
0.458333333333333, 0.416666666666667, 0.458333333333333, 0.4375, 
0.427083333333333, 0.443298969072165, 0.447916666666667, 0.422680412371134, 
0.458333333333333, 1, 1, 1, 1, 1, 1, 1, 0.927083333333333, 0.917525773195876, 
1, 0.309278350515464, 0.322916666666667, 0.354166666666667, 0.3125, 
0.354166666666667, 0.333333333333333, 0.34020618556701, 0.333333333333333, 
0.329896907216495, 0.3125, 0.744580954872373, 0.730557113277813, 
0.760240662800575, 0.727522113123892, 0.739520013923192, 0.750059445548084, 
0.713768426266028, 0.779278386151302, 0.760854690908785, 0.64292884622414, 
0.216494845360825, 0.197916666666667, 0.208333333333333, 0.1875, 
0.208333333333333, 0.229166666666667, 0.195876288659794, 0.239583333333333, 
0.216494845360825, 0.166666666666667, 0.11340206185567, 0.15625, 
0.177083333333333, 0.125, 0.15625, 0.1875, 0.164948453608247, 
0.135416666666667, 0.123711340206186, 0.125, 0.474226804123711, 
0.489583333333333, 0.520833333333333, 0.479166666666667, 0.510416666666667, 
0.5, 0.45360824742268, 0.489583333333333, 0.577319587628866, 
0.40625, 0.0794983526410883, 0.0720486111111111, 0.0709635416666667, 
0.0775824652777778, 0.0746527777777778, 0.0748697916666667, 0.078116696779679, 
0.0715060763888889, 0.0695079179508981, 0.118381076388889, 0.0906304859486472, 
0.088064803419496, 0.093171827357039, 0.0991409119299743, 0.102373728835844, 
0.09814951646699, 0.102167727718111, 0.0933554406754557, 0.107157563784161, 
0.101429211605016, 0.103092783505155, 0.104166666666667, 0.09375, 
0.104166666666667, 0.09375, 0.114583333333333, 0.11340206185567, 
0.104166666666667, 0.103092783505155, 0.09375, 0.11340206185567, 
0.0520833333333334, 0.09375, 0.09375, 0.09375, 0.135416666666667, 
0.103092783505155, 0.09375, 0.0927835051546392, 0.104166666666667, 
3.3448275862069, 3.31034482758621, 3.31034482758621, 3.31034482758621, 
3.31034482758621, 3.31034482758621, 3.3448275862069, 3.31034482758621, 
3.3448275862069, 3.31034482758621, 97, 96, 96, 96, 96, 96, 97, 
96, 97, 96, 0.0344827586206897, 0.0344827586206897, 0.0344827586206897, 
0.0344827586206897, 0.0344827586206897, 0.0344827586206897, 0.0344827586206897, 
0.0344827586206897, 0.0344827586206897, 0.0344827586206897, 0.692105325362873, 
0.696212260125146, 0.696212260125146, 0.696212260125146, 0.696212260125146, 
0.696212260125146, 0.692105325362873, 0.696212260125146, 0.692105325362873, 
0.696212260125146, 2.30836849507736, 2.28205128205128, 2.28205128205128, 
2.28205128205128, 2.28205128205128, 2.28205128205128, 2.30836849507736, 
2.28205128205128, 2.30836849507736, 2.28205128205128, 0.14733676975945, 
0.146710526315789, 0.146929824561404, 0.147368421052632, 0.146710526315789, 
0.144956140350877, 0.149269759450172, 0.146929824561404, 0.144974226804124, 
0.150657894736842, 0.568126061521042, 0.553061022648601, 0.557529857267696, 
0.573533745947539, 0.564347654710288, 0.553813687066626, 0.562447532879396, 
0.56034567416282, 0.548105242489692, 0.555390334572491, 0.434373663616356, 
0.412631013440492, 0.401362455037997, 0.383317309223696, 0.40999894619783, 
0.42870366676596, 0.421079132448186, 0.406268239997098, 0.44133036871444, 
0.434371967750092, 0.8, 0.909090909090909, 0.909090909090909, 
0.909090909090909, 0.909090909090909, 0.909090909090909, 0.6, 
0.727272727272727, 0.9, 0.727272727272727, 0.8, 0.818181818181818, 
0.727272727272727, 0.909090909090909, 0.818181818181818, 0.909090909090909, 
0.7, 0.818181818181818, 0.9, 0.818181818181818, 0.9, 0.909090909090909, 
0.909090909090909, 0.727272727272727, 0.727272727272727, 0.909090909090909, 
0.8, 0.818181818181818, 0.8, 0.727272727272727, 0.8, 0.909090909090909, 
0.909090909090909, 0.818181818181818, 0.909090909090909, 1, 0.8, 
0.818181818181818, 0.9, 0.727272727272727), .Dim = c(10L, 26L
), .Dimnames = list(NULL, c("overlapping.F1", "overlapping.F1v", 
"overlapping.F2", "overlapping.F3", "overlapping.F4", "neighborhood.N1", 
"neighborhood.N2", "neighborhood.N3", "neighborhood.N4", "neighborhood.T1", 
"neighborhood.LSCAvg", "linearity.L1", "linearity.L2", "linearity.L3", 
"dimensionality.T2", "dimensionality.T3", "dimensionality.T4", 
"balance.C1", "balance.C2", "network.Density", "network.ClsCoef", 
"network.Hubs", "ANN", "C4.5", "kNN", "SVM")))
