aux <-
structure(c(2.12275634281571, 3.96853452398486, 4.82233074554424e-08, 
0.443406357388316, 0.984460910652921, 0.330229810996564, 0.734931065309618, 
0.206636597938144, 0.14645618556701, 0.490098797250859, 0.0787127307649443, 
0.0975641217740734, 0.102792096219931, 0.0975945017182132, 3.32068965517242, 
96.3, 0.0344827586206897, 0.694980179696464, 2.2899464459591, 
0.147184391390848, 0.559670081326619, 0.417343676319215, 0.83, 
0.821818181818182, 0.822727272727273, 0.859090909090909), .Names = c("overlapping.F1", 
"overlapping.F1v", "overlapping.F2", "overlapping.F3", "overlapping.F4", 
"neighborhood.N1", "neighborhood.N2", "neighborhood.N3", "neighborhood.N4", 
"neighborhood.T1", "neighborhood.LSCAvg", "linearity.L1", "linearity.L2", 
"linearity.L3", "dimensionality.T2", "dimensionality.T3", "dimensionality.T4", 
"balance.C1", "balance.C2", "network.Density", "network.ClsCoef", 
"network.Hubs", "ANN", "C4.5", "kNN", "SVM"))
