aux <-
structure(c(4.01055331891143, 3.78180871348048, 4.08563839345413, 
4.05742855847997, 4.07744297122846, 3.75339425545758, 3.97932648205784, 
4.3860240184034, 3.51665705967449, 11.4289344520776, 1.93146163758344, 
2.01645645870143, 1.96602710793778, 2.261538092497, 1.74668395976334, 
2.23136689202859, 1.80323450698897, 2.33997803862212, 1.77724810300467, 
1.81334833538144, 1.31238982101474e-05, 6.82442706927665e-06, 
1.15919725918673e-05, 8.84234276570215e-06, 1.59684869847606e-05, 
1.44755722637035e-07, 6.26777180153125e-09, 1.28006494857595e-05, 
1.31238982101474e-05, 5.80238988533224e-06, 0.291970802919708, 
0.288135593220339, 0.288135593220339, 0.286407766990291, 0.278450363196126, 
0.291970802919708, 0.291970802919708, 0.290556900726392, 0.278450363196126, 
0.514563106796116, 0.681265206812652, 0.757869249394673, 0.648910411622276, 
0.686893203883495, 0.682808716707022, 0.693430656934307, 0.695863746958638, 
0.634382566585956, 0.646489104116223, 0.995145631067961, 0.192214111922141, 
0.188861985472155, 0.179176755447942, 0.184466019417476, 0.188861985472155, 
0.192214111922141, 0.180048661800487, 0.184019370460048, 0.193704600484261, 
0.194174757281553, 0.523881962939468, 0.522209025838972, 0.537749078273065, 
0.519585105895481, 0.527863407910884, 0.522256604384704, 0.501614685654787, 
0.503517642356422, 0.527763736054484, 0.456710026591086, 0.114355231143552, 
0.108958837772397, 0.116222760290557, 0.118932038834951, 0.123486682808717, 
0.116788321167883, 0.121654501216545, 0.116222760290557, 0.12590799031477, 
0.12378640776699, 0.109489051094891, 0.130750605326877, 0.142857142857143, 
0.118932038834951, 0.113801452784504, 0.0851581508515815, 0.124087591240876, 
0.12590799031477, 0.116222760290557, 0.128640776699029, 0.257907542579075, 
0.280871670702179, 0.25181598062954, 0.266990291262136, 0.2590799031477, 
0.248175182481752, 0.257907542579075, 0.249394673123487, 0.26634382566586, 
0.259708737864078, 0.054635006896715, 0.0530108050114616, 0.0548692904337834, 
0.0567560561787162, 0.0531573732624334, 0.0541377330231292, 0.0556709941333523, 
0.060925490563936, 0.0517854944333378, 0.129341832406447, 0.0755721527322791, 
0.0681621245597573, 0.0723292603150255, 0.0718291067523117, 0.0733915991684462, 
0.0721681882665823, 0.0705302187040409, 0.0701851573449584, 0.0786292393359131, 
0.0741032876400351, 0.0851581508515815, 0.072639225181598, 0.0702179176755447, 
0.0703883495145631, 0.0774818401937046, 0.0851581508515815, 0.072992700729927, 
0.0677966101694916, 0.0823244552058111, 0.0728155339805825, 0.0802919708029197, 
0.0799031476997578, 0.0847457627118644, 0.0703883495145631, 0.106537530266344, 
0.0681265206812652, 0.0997566909975669, 0.0653753026634383, 0.0605326876513317, 
0.0776699029126213, 10.5384615384615, 10.5897435897436, 10.5897435897436, 
10.5641025641026, 10.5897435897436, 10.5384615384615, 10.5384615384615, 
10.5897435897436, 10.5897435897436, 10.5641025641026, 411, 413, 
413, 412, 413, 411, 411, 413, 413, 412, 0.0256410256410256, 0.0256410256410256, 
0.0256410256410256, 0.0256410256410256, 0.0256410256410256, 0.0256410256410256, 
0.0256410256410256, 0.0256410256410256, 0.0256410256410256, 0.0256410256410256, 
0.444619609311707, 0.45108946165285, 0.45108946165285, 0.451836557545278, 
0.45108946165285, 0.444619609311707, 0.444619609311707, 0.45108946165285, 
0.45108946165285, 0.451836557545278, 4.95883307464371, 4.84701083230495, 
4.84701083230495, 4.83433010242662, 4.84701083230495, 4.95883307464371, 
4.95883307464371, 4.84701083230495, 4.84701083230495, 4.83433010242662, 
0.177971633730936, 0.177061049860128, 0.176520369543243, 0.178784872321829, 
0.175497778509133, 0.178885526081538, 0.17736632840781, 0.178542043771598, 
0.176414584263852, 0.177379349443696, 0.624340008738173, 0.629293456219992, 
0.622464346918639, 0.622354221104063, 0.627649762655452, 0.631790961847142, 
0.62734151514121, 0.61961714014313, 0.624660354597206, 0.634087148372863, 
0.295179093628546, 0.288694236349729, 0.289622289116105, 0.297036475146302, 
0.29924540348788, 0.284641194634078, 0.293680616588368, 0.300932854665063, 
0.283830978900308, 0.293985942697558, 0.893617021276596, 0.866666666666667, 
0.866666666666667, 0.804347826086957, 0.955555555555556, 0.893617021276596, 
0.851063829787234, 0.822222222222222, 0.911111111111111, 0.91304347826087, 
0.893617021276596, 0.888888888888889, 0.866666666666667, 0.891304347826087, 
0.933333333333333, 0.851063829787234, 0.914893617021277, 0.866666666666667, 
0.933333333333333, 0.891304347826087, 0.893617021276596, 0.888888888888889, 
0.866666666666667, 0.869565217391304, 0.955555555555556, 0.914893617021277, 
0.851063829787234, 0.911111111111111, 0.866666666666667, 0.891304347826087, 
0.893617021276596, 0.888888888888889, 0.911111111111111, 0.91304347826087, 
0.911111111111111, 0.893617021276596, 0.893617021276596, 0.911111111111111, 
0.911111111111111, 0.91304347826087), .Dim = c(10L, 26L), .Dimnames = list(
    NULL, c("overlapping.F1", "overlapping.F1v", "overlapping.F2", 
    "overlapping.F3", "overlapping.F4", "neighborhood.N1", "neighborhood.N2", 
    "neighborhood.N3", "neighborhood.N4", "neighborhood.T1", 
    "neighborhood.LSCAvg", "linearity.L1", "linearity.L2", "linearity.L3", 
    "dimensionality.T2", "dimensionality.T3", "dimensionality.T4", 
    "balance.C1", "balance.C2", "network.Density", "network.ClsCoef", 
    "network.Hubs", "ANN", "C4.5", "kNN", "SVM")))
