aux <-
structure(c(4.70772082232254, 1.98873431325088, 8.82290886974318e-06, 
0.310061209610485, 0.71230584940832, 0.187774235968036, 0.514315127589935, 
0.118631553160692, 0.119584756029518, 0.259819535003488, 0.0624290076343312, 
0.072690033481935, 0.0756972934354386, 0.0793327865901672, 10.5692307692308, 
412.2, 0.0256410256410256, 0.449297925128993, 4.87802135903091, 
0.177442353593376, 0.626359891573787, 0.292684908521394, 0.877791139891048, 
0.893107205262617, 0.890933292219139, 0.904027135368486), .Names = c("overlapping.F1", 
"overlapping.F1v", "overlapping.F2", "overlapping.F3", "overlapping.F4", 
"neighborhood.N1", "neighborhood.N2", "neighborhood.N3", "neighborhood.N4", 
"neighborhood.T1", "neighborhood.LSCAvg", "linearity.L1", "linearity.L2", 
"linearity.L3", "dimensionality.T2", "dimensionality.T3", "dimensionality.T4", 
"balance.C1", "balance.C2", "network.Density", "network.ClsCoef", 
"network.Hubs", "ANN", "C4.5", "kNN", "SVM"))
