aux <-
structure(c(Inf, 2.77855960455241, 9.59056554505954e-24, 0.3647563123899, 
0.995384615384615, 0.410722254844392, 0.763922331167496, 0.284286553141515, 
0.203129770992366, 0.639060481503229, 0.0516644152197307, 3.45991496731992, 
0.121626541397534, 0.176770405167352, 1.51744186046511, 130.5, 
0.0116279069767442, 0.97844490664607, 1.06128958760537, 0.127275441878673, 
0.668966068769346, 0.202275941801987, 0.738095238095238, 0.628095238095238, 
0.719523809523809, 0.779523809523809), .Names = c("overlapping.F1", 
"overlapping.F1v", "overlapping.F2", "overlapping.F3", "overlapping.F4", 
"neighborhood.N1", "neighborhood.N2", "neighborhood.N3", "neighborhood.N4", 
"neighborhood.T1", "neighborhood.LSCAvg", "linearity.L1", "linearity.L2", 
"linearity.L3", "dimensionality.T2", "dimensionality.T3", "dimensionality.T4", 
"balance.C1", "balance.C2", "network.Density", "network.ClsCoef", 
"network.Hubs", "ANN", "C4.5", "kNN", "SVM"))
