aux <-
structure(c(Inf, Inf, 14.3583111324756, Inf, Inf, Inf, Inf, Inf, 
Inf, Inf, 2.57810126481676, 3.0918678726658, 3.05226810277046, 
2.45535141781997, 2.60799546363788, 2.35817993999012, 2.87147597862357, 
3.06305533922451, 3.04794987610856, 2.65935078986651, 0, 0, 9.59056554505954e-23, 
0, 0, 0, 0, 0, 0, 0, 0.33587786259542, 0.353846153846154, 0.366412213740458, 
0.361538461538462, 0.343511450381679, 0.396946564885496, 0.369230769230769, 
0.374045801526718, 0.369230769230769, 0.376923076923077, 1, 1, 
1, 1, 1, 1, 0.953846153846154, 1, 1, 1, 0.419847328244275, 0.423076923076923, 
0.389312977099237, 0.430769230769231, 0.442748091603053, 0.389312977099237, 
0.376923076923077, 0.419847328244275, 0.4, 0.415384615384615, 
0.772100654745354, 0.77223293468068, 0.741905609905787, 0.77455121761907, 
0.785907082242821, 0.735838480121717, 0.761726426552671, 0.764814908921868, 
0.76552400941363, 0.764621987471359, 0.305343511450382, 0.3, 
0.267175572519084, 0.307692307692308, 0.305343511450382, 0.274809160305344, 
0.261538461538462, 0.274809160305344, 0.284615384615385, 0.261538461538462, 
0.221374045801527, 0.246153846153846, 0.16793893129771, 0.284615384615385, 
0.16030534351145, 0.175572519083969, 0.246153846153846, 0.206106870229008, 
0.138461538461538, 0.184615384615385, 0.625954198473282, 0.638461538461538, 
0.641221374045801, 0.638461538461538, 0.66412213740458, 0.618320610687023, 
0.592307692307692, 0.67175572519084, 0.623076923076923, 0.676923076923077, 
0.0469086883048773, 0.0464497041420118, 0.0640988287395839, 0.0485207100591716, 
0.0513956063166482, 0.0520365946040441, 0.0518934911242604, 0.0488316531670649, 
0.052603550295858, 0.053905325443787, 0.0390755784435159, 0.0575416779774617, 
34.1184591817271, 0.0654428994615612, 0.0624375725949063, 0.0534309231017533, 
0.0387378868582618, 0.05426323343913, 0.0637610253274992, 0.0459996942679751, 
0.0534351145038168, 0.0461538461538461, 0.603053435114504, 0.1, 
0.0687022900763359, 0.0916030534351145, 0.0538461538461539, 0.0687022900763359, 
0.0769230769230769, 0.0538461538461539, 0.122137404580153, 0.123076923076923, 
0.633587786259542, 0.107692307692308, 0.114503816793893, 0.175572519083969, 
0.0769230769230769, 0.152671755725191, 0.146153846153846, 0.115384615384615, 
1.52325581395349, 1.51162790697674, 1.52325581395349, 1.51162790697674, 
1.52325581395349, 1.52325581395349, 1.51162790697674, 1.52325581395349, 
1.51162790697674, 1.51162790697674, 131, 130, 131, 130, 131, 
131, 130, 131, 130, 130, 0.0116279069767442, 0.0116279069767442, 
0.0116279069767442, 0.0116279069767442, 0.0116279069767442, 0.0116279069767442, 
0.0116279069767442, 0.0116279069767442, 0.0116279069767442, 0.0116279069767442, 
0.977648278252453, 0.979241535039687, 0.977648278252453, 0.979241535039687, 
0.977648278252453, 0.977648278252453, 0.979241535039687, 0.977648278252453, 
0.979241535039687, 0.979241535039687, 1.06361231361231, 1.05896686159844, 
1.06361231361231, 1.05896686159844, 1.06361231361231, 1.06361231361231, 
1.05896686159844, 1.06361231361231, 1.05896686159844, 1.05896686159844, 
0.125778038755138, 0.126416219439475, 0.12824427480916, 0.126416219439475, 
0.123311802701116, 0.127539635936583, 0.128562909958259, 0.125543159130945, 
0.129159212880143, 0.131782945736434, 0.676320744268468, 0.674713676173366, 
0.659492451011886, 0.670259593679458, 0.672297492072643, 0.654257041113629, 
0.681707515013796, 0.663749372874742, 0.677873088603548, 0.658989712881928, 
0.186339013591394, 0.218424880908458, 0.226062926843102, 0.192968024691163, 
0.194415296920345, 0.210682895532353, 0.198132682164932, 0.197973513948942, 
0.192918864013831, 0.204841319405351, 0.785714285714286, 0.733333333333333, 
0.642857142857143, 0.933333333333333, 0.857142857142857, 0.714285714285714, 
0.866666666666667, 0.714285714285714, 0.733333333333333, 0.4, 
0.714285714285714, 0.666666666666667, 0.571428571428571, 0.533333333333333, 
0.857142857142857, 0.5, 0.533333333333333, 0.571428571428571, 
0.666666666666667, 0.666666666666667, 0.857142857142857, 0.666666666666667, 
0.857142857142857, 0.8, 0.714285714285714, 0.857142857142857, 
0.666666666666667, 0.642857142857143, 0.6, 0.533333333333333, 
0.857142857142857, 0.8, 0.571428571428571, 0.8, 0.857142857142857, 
0.785714285714286, 0.8, 0.857142857142857, 0.733333333333333, 
0.733333333333333), .Dim = c(10L, 26L), .Dimnames = list(NULL, 
    c("overlapping.F1", "overlapping.F1v", "overlapping.F2", 
    "overlapping.F3", "overlapping.F4", "neighborhood.N1", "neighborhood.N2", 
    "neighborhood.N3", "neighborhood.N4", "neighborhood.T1", 
    "neighborhood.LSCAvg", "linearity.L1", "linearity.L2", "linearity.L3", 
    "dimensionality.T2", "dimensionality.T3", "dimensionality.T4", 
    "balance.C1", "balance.C2", "network.Density", "network.ClsCoef", 
    "network.Hubs", "ANN", "C4.5", "kNN", "SVM")))
