aux <-
structure(c(0.294945050829356, 0.320412807103741, 0.309074366450642, 
0.338592158510611, 0.270915955029445, 0.31781170285328, 0.345959711829699, 
0.382502348132538, 0.289075586432533, 0.320175080054275, 1.19144869502445, 
1.17155271315112, 1.24973070308043, 1.07566991726534, 1.55836345402558, 
1.27685069874558, 1.28692687109093, 0.902023426571866, 1.08967245968473, 
1.16469441919027, 5.74396845479469e-06, 3.73357949561655e-06, 
3.53543054703572e-06, 2.82847731569107e-06, 5.6715168924523e-08, 
1.09456492045404e-06, 7.73622599948832e-06, 2.34347515177839e-05, 
3.63128964642157e-06, 1.32239416242823e-06, 0.0540540540540541, 
0.0521042084168337, 0.0531062124248497, 0.0520520520520521, 0.0561122244488978, 
0.0521042084168337, 0.0551654964894684, 0.0511022044088176, 0.0551102204408818, 
0.168336673346693, 0.279279279279279, 0.296593186372746, 0.38376753507014, 
0.239239239239239, 0.587174348697395, 0.304609218436874, 0.242728184553661, 
0.273547094188377, 0.284569138276553, 0.289579158316633, 0.135135135135135, 
0.128256513026052, 0.138276553106212, 0.132132132132132, 0.137274549098196, 
0.129258517034068, 0.141424272818455, 0.146292585170341, 0.138276553106212, 
0.140280561122244, 0.515793166600605, 0.521930403664874, 0.528336986298258, 
0.555446498478383, 0.51597148106831, 0.521189059566994, 0.517604807630061, 
0.554193560176261, 0.536305992596311, 0.530621387007258, 0.0770770770770771, 
0.0741482965931864, 0.0751503006012024, 0.0810810810810811, 0.0701402805611222, 
0.0721442885771543, 0.0802407221664995, 0.0761523046092184, 0.0801603206412826, 
0.0811623246492986, 0.0970970970970971, 0.0961923847695391, 0.0921843687374749, 
0.0840840840840841, 0.108216432865731, 0.0921843687374749, 0.0882647943831495, 
0.0821643286573146, 0.0981963927855711, 0.0851703406813627, 0.207207207207207, 
0.213426853707415, 0.213426853707415, 0.214214214214214, 0.196392785571142, 
0.214428857715431, 0.206619859578736, 0.204408817635271, 0.215430861723447, 
0.234468937875752, 0.0426692959225492, 0.0515961783286011, 0.0451273288059084, 
0.0437614791969146, 0.0418994301227706, 0.0529335223553319, 0.0423245664777683, 
0.0407558604182313, 0.041904450182931, 0.0415510379476388, 0.066351664574107, 
0.0659592157088811, 0.066209529336712, 0.0674258798566205, 0.066436427827028, 
0.0661330538034248, 0.0657393449480536, 0.0657577428892087, 0.0662490241484787, 
0.0670516939972572, 0.0680680680680681, 0.0671342685370742, 0.0671342685370742, 
0.0690690690690691, 0.0671342685370742, 0.0671342685370742, 0.0672016048144434, 
0.0671342685370742, 0.0671342685370742, 0.0681362725450901, 0.0840840840840841, 
0.0531062124248497, 0.06312625250501, 0.065065065065065, 0.0671342685370742, 
0.0841683366733467, 0.0672016048144434, 0.0681362725450901, 0.0711422845691383, 
0.0681362725450901, 47.5714285714286, 47.5238095238095, 47.5238095238095, 
47.5714285714286, 47.5238095238095, 47.5238095238095, 47.4761904761905, 
47.5238095238095, 47.5238095238095, 47.5238095238095, 999, 998, 
998, 999, 998, 998, 997, 998, 998, 998, 0.0476190476190476, 0.0476190476190476, 
0.0476190476190476, 0.0476190476190476, 0.0476190476190476, 0.0476190476190476, 
0.0476190476190476, 0.0476190476190476, 0.0476190476190476, 0.0476190476190476, 
0.366185084273267, 0.362699608476361, 0.362699608476361, 0.366185084273267, 
0.362699608476361, 0.362699608476361, 0.362959673338938, 0.362699608476361, 
0.362699608476361, 0.366446932527106, 6.67338920498232, 6.76902076410664, 
6.76902076410664, 6.67338920498232, 6.76902076410664, 6.76902076410664, 
6.76181440529735, 6.76902076410664, 6.76902076410664, 6.66628694581281, 
0.184258406703296, 0.18612752083907, 0.185558680048161, 0.188308549029992, 
0.18484310647373, 0.186085310038331, 0.185810443378328, 0.184615972164992, 
0.184734564414687, 0.185028029981729, 0.633871793895228, 0.636842929880567, 
0.634427192957746, 0.622190380101488, 0.639298274240249, 0.631580813915161, 
0.634613432387044, 0.63276564343416, 0.634917799441303, 0.634680183791679, 
0.518430899213038, 0.527042297492549, 0.527767987861283, 0.518132105699572, 
0.553907882446345, 0.503192288071996, 0.51103817290828, 0.518401618337657, 
0.523247665780125, 0.491849086608198, 0.918181818181818, 0.936936936936937, 
0.927927927927928, 0.927272727272727, 0.918918918918919, 0.927927927927928, 
0.928571428571429, 0.945945945945946, 0.954954954954955, 0.927927927927928, 
0.918181818181818, 0.927927927927928, 0.927927927927928, 0.945454545454545, 
0.927927927927928, 0.927927927927928, 0.9375, 0.936936936936937, 
0.918918918918919, 0.927927927927928, 0.9, 0.927927927927928, 
0.900900900900901, 0.945454545454545, 0.873873873873874, 0.936936936936937, 
0.910714285714286, 0.90990990990991, 0.927927927927928, 0.927927927927928, 
0.945454545454545, 0.927927927927928, 0.927927927927928, 0.945454545454545, 
0.927927927927928, 0.927927927927928, 0.919642857142857, 0.936936936936937, 
0.954954954954955, 0.936936936936937), .Dim = c(10L, 26L), .Dimnames = list(
    NULL, c("overlapping.F1", "overlapping.F1v", "overlapping.F2", 
    "overlapping.F3", "overlapping.F4", "neighborhood.N1", "neighborhood.N2", 
    "neighborhood.N3", "neighborhood.N4", "neighborhood.T1", 
    "neighborhood.LSCAvg", "linearity.L1", "linearity.L2", "linearity.L3", 
    "dimensionality.T2", "dimensionality.T3", "dimensionality.T4", 
    "balance.C1", "balance.C2", "network.Density", "network.ClsCoef", 
    "network.Hubs", "ANN", "C4.5", "kNN", "SVM")))
