aux <-
structure(c(0.318946476722612, 1.19669333578303, 5.31173972286386e-06, 
0.0649247554499382, 0.31810863824309, 0.136660737174905, 0.529739334308732, 
0.0767456996557123, 0.0923754592798799, 0.212002524893603, 0.0444523149758645, 
0.0663313577089772, 0.0675280625719116, 0.0691300653763192, 47.5285714285714, 
998.1, 0.0476190476190476, 0.363797442527074, 6.73890043457146, 
0.185537058307232, 0.633518844404462, 0.519301000441904, 0.931456651456651, 
0.929663185913186, 0.916157423657424, 0.935109248859249), .Names = c("overlapping.F1", 
"overlapping.F1v", "overlapping.F2", "overlapping.F3", "overlapping.F4", 
"neighborhood.N1", "neighborhood.N2", "neighborhood.N3", "neighborhood.N4", 
"neighborhood.T1", "neighborhood.LSCAvg", "linearity.L1", "linearity.L2", 
"linearity.L3", "dimensionality.T2", "dimensionality.T3", "dimensionality.T4", 
"balance.C1", "balance.C2", "network.Density", "network.ClsCoef", 
"network.Hubs", "ANN", "C4.5", "kNN", "SVM"))
