aux <-
structure(c(11.5512324960459, 16.5713665612469, 8.85937053343487e-10, 
0.384307483164966, 0.649649727514924, 0.0108944347126181, 0.0774972877641117, 
0.00691837057446478, 0.00562609242630251, 0.0371761483586419, 
0.138456952787561, 0.00395865441869328, 0.00371761483240682, 
0.00578520137980745, 139.725, 5030.1, 0.0277777777777778, 0.0385356774673042, 
121.062661355412, 0.195782441448337, 0.70755800587994, 0.406303811740636, 
0.995527083465005, 0.995527404057974, 0.992305763025005, 0.995885185811105
), .Names = c("overlapping.F1", "overlapping.F1v", "overlapping.F2", 
"overlapping.F3", "overlapping.F4", "neighborhood.N1", "neighborhood.N2", 
"neighborhood.N3", "neighborhood.N4", "neighborhood.T1", "neighborhood.LSCAvg", 
"linearity.L1", "linearity.L2", "linearity.L3", "dimensionality.T2", 
"dimensionality.T3", "dimensionality.T4", "balance.C1", "balance.C2", 
"network.Density", "network.ClsCoef", "network.Hubs", "ANN", 
"C4.5", "kNN", "SVM"))
