aux <-
structure(c(9.5910542738609, 10.1772703739958, 9.55414704015209, 
10.0986778903616, 10.6655736223491, 9.33515280809781, 12.3754984444776, 
25.5630464819575, 9.41921665795281, 8.73268736725331, 16.0746214870581, 
18.9769750705386, 13.2506687277936, 16.9856332347108, 10.4985289026912, 
21.6456087375479, 17.2084141965159, 16.8875350962448, 15.3555383093134, 
18.8301418500546, 7.55664996663789e-14, 7.15758871519982e-14, 
1.84797038350897e-17, 8.00188968788402e-14, 3.91637559399044e-15, 
8.85893630777861e-09, 5.57957602810429e-14, 2.32437817558587e-14, 
8.00188968788402e-14, 4.40710783504564e-14, 0.334525939177102, 
0.347912524850895, 0.334791252485089, 0.337243984887652, 0.34155069582505, 
0.336580516898608, 0.431809145129225, 0.706958250497018, 0.336314847942755, 
0.335387673956262, 0.638640429338104, 0.623260437375746, 0.602186878727634, 
0.645058659773315, 0.602186878727634, 0.603976143141153, 0.679324055666004, 
0.853677932405567, 0.625124229775393, 0.623061630218688, 0.0107334525939177, 
0.010337972166998, 0.0119284294234592, 0.011135414595347, 0.0119284294234592, 
0.0111332007952286, 0.0105367793240557, 0.0107355864811133, 0.0103359173126615, 
0.0101391650099404, 0.078873256889394, 0.0762412954834101, 0.077385928155508, 
0.0782886133124759, 0.0790693142723555, 0.0855179228574711, 0.0757125580028307, 
0.0710453687045196, 0.0783952646794373, 0.0744433552837148, 0.0067580997813556, 
0.00656063618290258, 0.00755467196819085, 0.00735732750049712, 
0.0073558648111332, 0.00715705765407555, 0.00636182902584493, 
0.00695825049701789, 0.00655933214072749, 0.00656063618290258, 
0.00616179685947128, 0.00357852882703777, 0.00457256461232604, 
0.00556770729767349, 0.00775347912524851, 0.00576540755467197, 
0.00397614314115308, 0.00636182902584493, 0.0069568674219837, 
0.00556660039761431, 0.0389584575631087, 0.0395626242544732, 
0.0377733598409543, 0.0401670312189302, 0.0401590457256461, 0.0371769383697813, 
0.0375745526838966, 0.0216699801192843, 0.0409461339693898, 0.0377733598409543, 
0.13016175087149, 0.14838638151212, 0.129650961033007, 0.130956103832213, 
0.132410586184681, 0.135722997996119, 0.131169325992356, 0.179795185151516, 
0.130659203338822, 0.13565703196329, 0.00402164678259347, 0.00381523837460961, 
0.00399276263529612, 0.00390725955513989, 0.00414640948515533, 
0.00397051815722787, 0.00390487178581623, 0.00400055685891234, 
0.00402926701067285, 0.00379801354150907, 0.00377658517193402, 
0.0035785288270378, 0.00377733598409546, 0.00357924040564728, 
0.00397614314115313, 0.0035785288270378, 0.0035785288270378, 
0.00377733598409546, 0.00377658517193402, 0.00377733598409546, 
0.00576426157821508, 0.00556660039761436, 0.00795228628230615, 
0.00576655398687609, 0.00596421471172959, 0.00735586481113315, 
0.00556660039761436, 0.00516898608349903, 0.00437288809381831, 
0.00437375745526836, 139.75, 139.722222222222, 139.722222222222, 
139.694444444444, 139.722222222222, 139.722222222222, 139.722222222222, 
139.722222222222, 139.75, 139.722222222222, 5031, 5030, 5030, 
5029, 5030, 5030, 5030, 5030, 5031, 5030, 0.0277777777777778, 
0.0277777777777778, 0.0277777777777778, 0.0277777777777778, 0.0277777777777778, 
0.0277777777777778, 0.0277777777777778, 0.0277777777777778, 0.0277777777777778, 
0.0277777777777778, 0.0390029477158277, 0.0374323564242162, 0.0390095019425547, 
0.0374386566801809, 0.0390095019425547, 0.0390095019425547, 0.0390095019425547, 
0.0390095019425547, 0.0390029477158277, 0.0374323564242162, 119.287810094098, 
125.251996007984, 119.264000988697, 125.226996406468, 119.264000988697, 
119.264000988697, 119.264000988697, 119.264000988697, 119.287810094098, 
125.251996007984, 0.195587832575211, 0.19542573550544, 0.195242543545646, 
0.195930508381538, 0.195778915688608, 0.19708569027276, 0.19554757357624, 
0.19539893271115, 0.195743922471927, 0.196082759754853, 0.707294989993006, 
0.708422714771159, 0.714641346309711, 0.707634188339413, 0.703482427363893, 
0.705920706059316, 0.70723563602642, 0.705648502269548, 0.707935941357489, 
0.707363606309449, 0.406367894516445, 0.403074259237501, 0.4045261202986, 
0.414963307938774, 0.425669979625302, 0.41407887178801, 0.394714271720073, 
0.392263195359539, 0.393350830443896, 0.414029386478215, 0.996415770609319, 
0.994633273703041, 0.996422182468694, 0.994642857142857, 0.996422182468694, 
0.994633273703041, 0.996422182468694, 0.996422182468694, 0.994623655913978, 
0.994633273703041, 0.996415770609319, 0.994633273703041, 0.996422182468694, 
0.994642857142857, 0.996422182468694, 0.992844364937388, 0.996422182468694, 
0.996422182468694, 0.996415770609319, 0.994633273703041, 0.994623655913978, 
0.991055456171735, 0.992844364937388, 0.991071428571429, 0.991055456171735, 
0.994633273703041, 0.994633273703041, 0.994633273703041, 0.985663082437276, 
0.992844364937388, 0.996415770609319, 0.994633273703041, 0.996422182468694, 
0.994642857142857, 0.996422182468694, 0.996422182468694, 0.996422182468694, 
0.996422182468694, 0.996415770609319, 0.994633273703041), .Dim = c(10L, 
26L), .Dimnames = list(NULL, c("overlapping.F1", "overlapping.F1v", 
"overlapping.F2", "overlapping.F3", "overlapping.F4", "neighborhood.N1", 
"neighborhood.N2", "neighborhood.N3", "neighborhood.N4", "neighborhood.T1", 
"neighborhood.LSCAvg", "linearity.L1", "linearity.L2", "linearity.L3", 
"dimensionality.T2", "dimensionality.T3", "dimensionality.T4", 
"balance.C1", "balance.C2", "network.Density", "network.ClsCoef", 
"network.Hubs", "ANN", "C4.5", "kNN", "SVM")))
