aux <-
structure(c(1.48570485853175, Inf, 1.07929285150526, 2.29443734376303, 
1.07373972008669, 1.19761009003748, 1.08226468998699, 1.12038476970668, 
1.28745564866563, 1.18714354904207, 3.92166124706716, 4.44387893700671, 
3.85080584697507, 3.70540491501296, 3.87787386935041, 3.30317653724321, 
3.85486876537874, 3.68564618910003, 4.16438821663109, 3.61344005489756, 
2.83537154101119e-06, 0, 2.53389662968624e-06, 9.82661122063099e-08, 
1.60910295199991e-06, 1.59823517854091e-06, 8.41264561371806e-09, 
1.6310436329059e-06, 4.41755633212254e-05, 2.58903993324493e-06, 
0.353591160220994, 0.363636363636364, 0.358126721763085, 0.37465564738292, 
0.400552486187845, 0.371900826446281, 0.397790055248619, 0.358126721763085, 
0.360881542699725, 0.371900826446281, 0.834254143646409, 0.917355371900826, 
0.884297520661157, 0.980716253443526, 0.933701657458563, 0.881542699724518, 
0.870165745856354, 0.972451790633609, 0.920110192837466, 0.939393939393939, 
0.174033149171271, 0.173553719008264, 0.179063360881543, 0.173553719008264, 
0.185082872928177, 0.179063360881543, 0.160220994475138, 0.195592286501377, 
0.170798898071625, 0.184573002754821, 0.583526980387135, 0.552403320310603, 
0.57985049973541, 0.569012034640054, 0.571077142267832, 0.595981858921189, 
0.477127772492045, 0.572788212420329, 0.56882173597825, 0.579257455364103, 
0.124309392265193, 0.115702479338843, 0.115702479338843, 0.12396694214876, 
0.129834254143646, 0.137741046831956, 0.11878453038674, 0.129476584022039, 
0.121212121212121, 0.12396694214876, 0.0801104972375691, 0.0798898071625344, 
0.0909090909090909, 0.0964187327823691, 0.0966850828729282, 0.0771349862258953, 
0.0966850828729282, 0.0743801652892562, 0.0909090909090909, 0.0771349862258953, 
0.279005524861878, 0.247933884297521, 0.25068870523416, 0.28099173553719, 
0.276243093922652, 0.297520661157025, 0.265193370165746, 0.269972451790634, 
0.283746556473829, 0.303030303030303, 0.0533790177345014, 0.0571834042908423, 
0.0514992145345263, 0.0537835150908028, 0.0544473611916608, 0.0547017887363492, 
0.113549647446659, 0.0538594054747323, 0.0577525821703132, 0.053897350666697, 
0.0597394502058263, 0.0575141067678521, 0.0589718369660379, 0.0590309621949847, 
0.0599118300394256, 0.0629347444975316, 0.0567881511878566, 0.0565164844773993, 
0.057533250089698, 0.0619477432706233, 0.0635359116022099, 0.0495867768595041, 
0.0550964187327824, 0.0661157024793388, 0.0718232044198895, 0.0661157024793388, 
0.0662983425414365, 0.0633608815426997, 0.0550964187327824, 0.068870523415978, 
0.0718232044198895, 0.0798898071625345, 0.0771349862258953, 0.068870523415978, 
0.0718232044198895, 0.0826446280991735, 0.069060773480663, 0.0881542699724518, 
0.0661157024793388, 0.0578512396694215, 9.78378378378378, 9.81081081081081, 
9.81081081081081, 9.81081081081081, 9.78378378378378, 9.81081081081081, 
9.78378378378378, 9.81081081081081, 9.81081081081081, 9.81081081081081, 
362, 363, 363, 363, 362, 363, 362, 363, 363, 363, 0.027027027027027, 
0.027027027027027, 0.027027027027027, 0.027027027027027, 0.027027027027027, 
0.027027027027027, 0.027027027027027, 0.027027027027027, 0.027027027027027, 
0.027027027027027, 0.39276530281816, 0.392002794722381, 0.392002794722381, 
0.392002794722381, 0.39276530281816, 0.392002794722381, 0.382807894958803, 
0.392002794722381, 0.392002794722381, 0.392002794722381, 6.00620188195039, 
6.02393390191898, 6.02393390191898, 6.02393390191898, 6.00620188195039, 
6.02393390191898, 6.24400221116639, 6.02393390191898, 6.02393390191898, 
6.02393390191898, 0.181478704029629, 0.18003744121273, 0.180904981507694, 
0.179261220948815, 0.18074409635604, 0.179519961036787, 0.182748963131877, 
0.18006788122308, 0.179459081016088, 0.180265741290352, 0.589193317892869, 
0.5900486004657, 0.588022656994382, 0.585048754062839, 0.584707091177022, 
0.59122399378488, 0.590385752547915, 0.574981286850736, 0.584771972897759, 
0.591881562651923, 0.400748538390765, 0.402459584690562, 0.396372969080745, 
0.419593831626694, 0.420322842091846, 0.387292562939166, 0.404665617877687, 
0.406157425787438, 0.41311806466803, 0.39557153810401, 0.926829268292683, 
0.925, 0.9, 0.85, 0.902439024390244, 0.975, 0.902439024390244, 
0.925, 0.825, 0.95, 0.926829268292683, 0.925, 0.9, 0.95, 0.878048780487805, 
0.95, 0.926829268292683, 0.9, 0.95, 0.9, 0.878048780487805, 0.9, 
0.8, 0.875, 0.878048780487805, 0.925, 0.878048780487805, 0.775, 
0.85, 0.85, 0.926829268292683, 0.925, 0.95, 0.925, 0.902439024390244, 
0.925, 0.902439024390244, 0.925, 0.925, 0.925), .Dim = c(10L, 
26L), .Dimnames = list(NULL, c("overlapping.F1", "overlapping.F1v", 
"overlapping.F2", "overlapping.F3", "overlapping.F4", "neighborhood.N1", 
"neighborhood.N2", "neighborhood.N3", "neighborhood.N4", "neighborhood.T1", 
"neighborhood.LSCAvg", "linearity.L1", "linearity.L2", "linearity.L3", 
"dimensionality.T2", "dimensionality.T3", "dimensionality.T4", 
"balance.C1", "balance.C2", "network.Density", "network.ClsCoef", 
"network.Hubs", "ANN", "C4.5", "kNN", "SVM")))
