aux <-
structure(c(Inf, 3.84211445786629, 5.70789319464345e-06, 0.37111623517952, 
0.913398931555637, 0.177553536368202, 0.564984701251695, 0.12406967718369, 
0.0860257522487558, 0.275432628647094, 0.0604053287337084, 0.0590888559697235, 
0.062589988280596, 0.0733368339345235, 9.8027027027027, 362.7, 
0.027027027027027, 0.391235806365179, 6.04239432885, 0.180448807175309, 
0.587026498932603, 0.404630297525694, 0.908170731707317, 0.920670731707317, 
0.860914634146342, 0.923170731707317), .Names = c("overlapping.F1", 
"overlapping.F1v", "overlapping.F2", "overlapping.F3", "overlapping.F4", 
"neighborhood.N1", "neighborhood.N2", "neighborhood.N3", "neighborhood.N4", 
"neighborhood.T1", "neighborhood.LSCAvg", "linearity.L1", "linearity.L2", 
"linearity.L3", "dimensionality.T2", "dimensionality.T3", "dimensionality.T4", 
"balance.C1", "balance.C2", "network.Density", "network.ClsCoef", 
"network.Hubs", "ANN", "C4.5", "kNN", "SVM"))
