aux <-
structure(c(0.41120889234608, 0.387102472747135, 0.418313711914511, 
0.556465349747, 0.367414970420614, 0.466008992764986, 0.358984597104993, 
0.38575392862023, 0.344292593081939, 0.387861440595939, 1.41706788597818, 
1.69426652277758, 1.50012386415247, 1.43873013105339, 1.41901789773284, 
1.5787280863599, 1.54042043786415, 1.5731811010738, 1.5398218341642, 
1.48725466589434, 0.0499948152135861, 0.0300580104246306, 0.0496531187678427, 
0.0230651927931057, 0.0337793833669682, 0.0506729517592233, 0.0498686191916166, 
0.0676634407388745, 0.0506729517592233, 0.0749388723199781, 0.0203252032520325, 
0.016260162601626, 0.0203252032520325, 0.0283400809716599, 0.0202429149797571, 
0.0202429149797571, 0.0202429149797571, 0.0203252032520325, 0.0202429149797571, 
0.0161943319838057, 0.0975609756097561, 0.0731707317073171, 0.0731707317073171, 
0.0769230769230769, 0.0769230769230769, 0.1417004048583, 0.0769230769230769, 
0.0772357723577236, 0.0769230769230769, 0.0647773279352227, 0.491869918699187, 
0.471544715447154, 0.5, 0.477732793522267, 0.497975708502024, 
0.453441295546559, 0.461538461538462, 0.463414634146341, 0.469635627530364, 
0.48582995951417, 0.77699641574086, 0.736954829160155, 0.810170161975052, 
0.727625022190185, 0.758187225159495, 0.731252809613352, 0.791145043788456, 
0.736545529643606, 0.759078204634089, 0.793902723992776, 0.329268292682927, 
0.292682926829268, 0.33739837398374, 0.311740890688259, 0.323886639676113, 
0.307692307692308, 0.307692307692308, 0.284552845528455, 0.315789473684211, 
0.299595141700405, 0.260162601626016, 0.211382113821138, 0.296747967479675, 
0.287449392712551, 0.336032388663968, 0.287449392712551, 0.246963562753036, 
0.280487804878049, 0.299595141700405, 0.327935222672065, 0.556910569105691, 
0.520325203252033, 0.540650406504065, 0.546558704453441, 0.546558704453441, 
0.522267206477733, 0.546558704453441, 0.516260162601626, 0.522267206477733, 
0.506072874493927, 0.0174334060413775, 0.0197798929208804, 0.0184083548152555, 
0.0184399023094953, 0.0187185497221721, 0.0197184022029537, 0.018849677916373, 
0.0239275563487342, 0.0193250176203511, 0.0184726843580455, 0.145090070480604, 
0.177054279213503, 0.182824992666536, 0.156241898614528, 0.161436419252156, 
0.148610701739981, 0.165486215208803, 0.181004468108859, 0.165232937663654, 
0.177746886729549, 0.264227642276423, 0.239837398373984, 0.24390243902439, 
0.251012145748988, 0.259109311740891, 0.255060728744939, 0.242914979757085, 
0.24390243902439, 0.230769230769231, 0.263157894736842, 0.231707317073171, 
0.247967479674797, 0.215447154471545, 0.251012145748988, 0.251012145748988, 
0.255060728744939, 0.238866396761134, 0.215447154471545, 0.251012145748988, 
0.226720647773279, 30.75, 30.75, 30.75, 30.875, 30.875, 30.875, 
30.875, 30.75, 30.875, 30.875, 123, 123, 123, 123.5, 123.5, 123.5, 
123.5, 123, 123.5, 123.5, 0.25, 0.25, 0.25, 0.25, 0.25, 0.25, 
0.25, 0.25, 0.25, 0.25, 0.999570839347322, 0.999570839347322, 
0.999570839347322, 0.999704389191093, 0.999704389191093, 0.999704389191093, 
0.999704389191093, 0.999570839347322, 0.999704389191093, 0.999704389191093, 
1.00119047619048, 1.00119047619048, 1.00119047619048, 1.00081988718352, 
1.00081988718352, 1.00081988718352, 1.00081988718352, 1.00119047619048, 
1.00081988718352, 1.00081988718352, 0.11096731375477, 0.11574581051933, 
0.115082130413141, 0.115697310819262, 0.112998255488628, 0.115993548599454, 
0.11717849972022, 0.11514849842376, 0.11717849972022, 0.116026463908364, 
0.744691094971266, 0.748977680517048, 0.755244755244755, 0.751409918044173, 
0.747698442172749, 0.75114377583831, 0.745896574882471, 0.752702086261951, 
0.753914928928982, 0.744737419142638, 0.158983515479347, 0.171027307441214, 
0.167068538493059, 0.166877282889869, 0.167460129874376, 0.16977900553173, 
0.172637207378047, 0.170956519618215, 0.171124367969625, 0.171411081519503, 
0.678571428571429, 0.678571428571429, 0.642857142857143, 0.592592592592593, 
0.814814814814815, 0.62962962962963, 0.740740740740741, 0.571428571428571, 
0.62962962962963, 0.62962962962963, 0.678571428571429, 0.714285714285714, 
0.607142857142857, 0.740740740740741, 0.851851851851852, 0.666666666666667, 
0.666666666666667, 0.75, 0.777777777777778, 0.703703703703704, 
0.642857142857143, 0.75, 0.607142857142857, 0.703703703703704, 
0.777777777777778, 0.62962962962963, 0.62962962962963, 0.642857142857143, 
0.703703703703704, 0.62962962962963, 0.785714285714286, 0.642857142857143, 
0.678571428571429, 0.814814814814815, 0.814814814814815, 0.740740740740741, 
0.666666666666667, 0.714285714285714, 0.703703703703704, 0.814814814814815
), .Dim = c(10L, 26L), .Dimnames = list(NULL, c("overlapping.F1", 
"overlapping.F1v", "overlapping.F2", "overlapping.F3", "overlapping.F4", 
"neighborhood.N1", "neighborhood.N2", "neighborhood.N3", "neighborhood.N4", 
"neighborhood.T1", "neighborhood.LSCAvg", "linearity.L1", "linearity.L2", 
"linearity.L3", "dimensionality.T2", "dimensionality.T3", "dimensionality.T4", 
"balance.C1", "balance.C2", "network.Density", "network.ClsCoef", 
"network.Hubs", "ANN", "C4.5", "kNN", "SVM")))
