aux <-
structure(c(0.408340694934343, 1.51886124270508, 0.0480367356335049, 
0.0202741845232217, 0.0835308251867944, 0.477298311444653, 0.762185796589803, 
0.311029920015799, 0.283420558901945, 0.532442974227313, 0.0193073444255638, 
0.166072886967817, 0.249389421019716, 0.238425331621737, 30.825, 
123.3, 0.25, 0.999650969253585, 1.0009681227863, 0.115201633136715, 
0.749641667600434, 0.168732495619498, 0.660846560846561, 0.715740740740741, 
0.671693121693122, 0.737698412698413), .Names = c("overlapping.F1", 
"overlapping.F1v", "overlapping.F2", "overlapping.F3", "overlapping.F4", 
"neighborhood.N1", "neighborhood.N2", "neighborhood.N3", "neighborhood.N4", 
"neighborhood.T1", "neighborhood.LSCAvg", "linearity.L1", "linearity.L2", 
"linearity.L3", "dimensionality.T2", "dimensionality.T3", "dimensionality.T4", 
"balance.C1", "balance.C2", "network.Density", "network.ClsCoef", 
"network.Hubs", "ANN", "C4.5", "kNN", "SVM"))
