aux <-
structure(c(2.18127795789387, 1.97908043195974, 2.14298530253865, 
Inf, 2.49045140140269, 2.14298530253865, 2.06021464335963, 2.06021464335963, 
1.97908043195974, 2.04927561600427, 2.91136647123673, 3.35953414851438, 
2.95284227383291, 2.61240140963103, 2.73341656720434, 2.42558374149188, 
2.7208999599456, 2.44167532842132, 2.71669008534591, 3.71293333526138, 
0.125238683124715, 0.0884002226445084, 0.125238683124715, 0, 
0.0812952855370957, 0.125238683124715, 0.181625222590939, 0.116220557428798, 
0.125238683124715, 0.107661324089667, 0.211864406779661, 0.435897435897436, 
0.213675213675214, 0.52991452991453, 0.205128205128205, 0.188034188034188, 
0.230769230769231, 0.213675213675214, 0.222222222222222, 0.517241379310345, 
0.923728813559322, 0.957264957264957, 0.94017094017094, 0.957264957264957, 
0.974358974358974, 0.914529914529915, 0.982905982905983, 0.991452991452991, 
0.923076923076923, 0.991379310344828, 0.177966101694915, 0.188034188034188, 
0.205128205128205, 0.179487179487179, 0.196581196581197, 0.179487179487179, 
0.170940170940171, 0.179487179487179, 0.188034188034188, 0.181034482758621, 
0.294301310291159, 0.279739011920057, 0.279972345926558, 0.271866002095705, 
0.278149034396669, 0.288866211583122, 0.290948083117569, 0.290682487710696, 
0.288803446293649, 0.25652949554285, 0.127118644067797, 0.128205128205128, 
0.128205128205128, 0.102564102564103, 0.128205128205128, 0.11965811965812, 
0.11965811965812, 0.111111111111111, 0.128205128205128, 0.120689655172414, 
0.0932203389830508, 0.102564102564103, 0.11965811965812, 0.102564102564103, 
0.128205128205128, 0.153846153846154, 0.11965811965812, 0.0427350427350427, 
0.0854700854700855, 0.0603448275862069, 0.220338983050847, 0.188034188034188, 
0.196581196581197, 0.188034188034188, 0.205128205128205, 0.196581196581197, 
0.196581196581197, 0.205128205128205, 0.196581196581197, 0.172413793103448, 
0.245619074978454, 0.257359924026591, 0.264153700051136, 0.241799985389729, 
0.267148805610344, 0.247059682957119, 0.234567901234568, 0.236686390532544, 
0.242165242165242, 0.289610582639715, 0.0847117006087444, 0.0854364977937844, 
0.0854538623238846, 0.0854548302719484, 0.0854455530751988, 0.0854468847499219, 
0.0854498982851344, 0.0820459360615802, 0.0854431783679023, 0.0775461575826392, 
0.0847457627118644, 0.0854700854700855, 0.0854700854700855, 0.0854700854700855, 
0.0854700854700855, 0.0854700854700855, 0.0854700854700855, 0.0854700854700855, 
0.0854700854700855, 0.0775862068965517, 0.0932203389830508, 0.0769230769230769, 
0.0769230769230769, 0.0683760683760684, 0.128205128205128, 0.094017094017094, 
0.0854700854700855, 0.0854700854700855, 0.0769230769230769, 0.0775862068965517, 
14.75, 14.625, 14.625, 14.625, 14.625, 14.625, 14.625, 14.625, 
14.625, 14.5, 118, 117, 117, 117, 117, 117, 117, 117, 117, 116, 
0.125, 0.125, 0.125, 0.125, 0.125, 0.125, 0.125, 0.125, 0.125, 
0.125, 0.418684310526856, 0.421166014508222, 0.421166014508222, 
0.421166014508222, 0.421166014508222, 0.421166014508222, 0.421166014508222, 
0.421166014508222, 0.421166014508222, 0.393616404111162, 5.4462962962963, 
5.39672897196262, 5.39672897196262, 5.39672897196262, 5.39672897196262, 
5.39672897196262, 5.39672897196262, 5.39672897196262, 5.39672897196262, 
5.9865005192108, 0.157612632188903, 0.161361626878868, 0.162245800176835, 
0.159593280282935, 0.158856469201297, 0.160330091364574, 0.157235484821692, 
0.159445918066608, 0.161656351311524, 0.16311844077961, 0.678429705215419, 
0.691108223501021, 0.692107664233577, 0.680327868852459, 0.677857790071057, 
0.694692541501052, 0.691459109629339, 0.690541825095057, 0.690800367985281, 
0.681199419937316, 0.332188030352235, 0.334127717087872, 0.32854839763586, 
0.325436560186069, 0.313415439781012, 0.317934503202707, 0.317070396929123, 
0.305490967778247, 0.31642180167545, 0.323012437344165, 0.916666666666667, 
0.769230769230769, 0.769230769230769, 0.923076923076923, 0.923076923076923, 
0.923076923076923, 0.846153846153846, 0.923076923076923, 0.923076923076923, 
0.857142857142857, 0.916666666666667, 0.923076923076923, 0.923076923076923, 
0.923076923076923, 0.923076923076923, 0.923076923076923, 0.846153846153846, 
0.923076923076923, 0.923076923076923, 0.857142857142857, 0.916666666666667, 
0.923076923076923, 0.923076923076923, 0.923076923076923, 0.769230769230769, 
0.923076923076923, 0.846153846153846, 0.923076923076923, 0.923076923076923, 
0.785714285714286, 0.916666666666667, 0.923076923076923, 0.923076923076923, 
0.923076923076923, 0.923076923076923, 0.923076923076923, 0.923076923076923, 
0.923076923076923, 0.923076923076923, 0.857142857142857), .Dim = c(10L, 
26L), .Dimnames = list(NULL, c("overlapping.F1", "overlapping.F1v", 
"overlapping.F2", "overlapping.F3", "overlapping.F4", "neighborhood.N1", 
"neighborhood.N2", "neighborhood.N3", "neighborhood.N4", "neighborhood.T1", 
"neighborhood.LSCAvg", "linearity.L1", "linearity.L2", "linearity.L3", 
"dimensionality.T2", "dimensionality.T3", "dimensionality.T4", 
"balance.C1", "balance.C2", "network.Density", "network.ClsCoef", 
"network.Hubs", "ANN", "C4.5", "kNN", "SVM")))
