aux <-
structure(c(Inf, 2.85873433208855, 0.107615734478987, 0.296842202540625, 
0.955613376492979, 0.184618007163302, 0.281985742887803, 0.121362026505218, 
0.100826602127011, 0.196540234880387, 0.252617128958544, 0.0842434499120739, 
0.08460926533691, 0.0863114238187295, 14.625, 117, 0.125, 0.418162883070379, 
5.46066285912081, 0.160145609507285, 0.686852451602158, 0.321364625197274, 
0.877380952380952, 0.908150183150183, 0.885622710622711, 0.915842490842491
), .Names = c("overlapping.F1", "overlapping.F1v", "overlapping.F2", 
"overlapping.F3", "overlapping.F4", "neighborhood.N1", "neighborhood.N2", 
"neighborhood.N3", "neighborhood.N4", "neighborhood.T1", "neighborhood.LSCAvg", 
"linearity.L1", "linearity.L2", "linearity.L3", "dimensionality.T2", 
"dimensionality.T3", "dimensionality.T4", "balance.C1", "balance.C2", 
"network.Density", "network.ClsCoef", "network.Hubs", "ANN", 
"C4.5", "kNN", "SVM"))
