aux <-
structure(c(0.428739587131428, 0.393702346774556, 0.339153319021177, 
0.340846643081334, 0.370621252531593, 0.367654483390711, 0.351055290051282, 
0.368512476505452, 0.295375201141349, 0.27393882624635, 0.981298186613751, 
1.00449744638901, 0.96541658342432, 0.89798223062439, 0.907110535378528, 
0.992302281229889, 0.913294862617827, 0.96240000491448, 1.0215033595182, 
0.850154405644564, 0.638888888888889, 0.638888888888889, 0.638888888888889, 
0.616666666666667, 0.638888888888889, 0.638888888888889, 0.638888888888889, 
0.638888888888889, 0.833333333333333, 0.638888888888889, 0.00620638133796029, 
0.00781802199395606, 0.00781802199395606, 0.010146038172354, 
0.00781802199395606, 0.00621545789139196, 0.00781802199395606, 
0.00781802199395606, 0.00576280214532364, 0.00622732281959692, 
0.00620638133796029, 0.00781802199395606, 0.00781802199395606, 
0.010146038172354, 0.00781802199395606, 0.00621545789139196, 
0.00781802199395606, 0.00781802199395606, 0.00576280214532364, 
0.00622732281959692, 0.68677494199536, 0.716279069767442, 0.720930232558139, 
0.677494199535963, 0.720930232558139, 0.713953488372093, 0.704651162790698, 
0.706976744186047, 0.730232558139535, 0.690697674418605, 1.08565866320571, 
1.17852348993289, 1.15683814303639, 1.09943001899937, 1.19258769027134, 
1.10831721470019, 1.19854401058901, 1.17416829745597, 1.1070780399274, 
1.15907590759076, 0.408352668213457, 0.446511627906977, 0.444186046511628, 
0.440835266821346, 0.446511627906977, 0.423255813953488, 0.437209302325581, 
0.444186046511628, 0.427906976744186, 0.434883720930233, 0.417633410672854, 
0.413953488372093, 0.418604651162791, 0.403712296983759, 0.418604651162791, 
0.434883720930233, 0.462790697674419, 0.406976744186047, 0.444186046511628, 
0.432558139534884, 0.77030162412993, 0.776744186046512, 0.774418604651163, 
0.751740139211137, 0.781395348837209, 0.788372093023256, 0.767441860465116, 
0.779069767441861, 0.751162790697674, 0.781395348837209, 0.00342375417875657, 
0.00341806381828015, 0.00341265548945376, 0.00367676745926217, 
0.00343969713358572, 0.00319091400757166, 0.00342888047593294, 
0.00357490535424554, 0.00383450513791239, 0.0033802055164954, 
0.267727713420024, 0.259764065112484, 0.260782321287902, 0.268884446535677, 
0.272840975611416, 0.266123376515455, 0.264718314681614, 0.23461633216989, 
0.264953376569443, 0.268447858321017, 0.284097744360902, 0.293062823749865, 
0.290812805382368, 0.293048968575284, 0.295878354917264, 0.292365571139437, 
0.28359243930785, 0.270133261948633, 0.292365571139437, 0.290158097633936, 
0.314535858877964, 0.303171872730584, 0.275275130554713, 0.276802101407365, 
0.279325042378604, 0.281837312836419, 0.309784489855201, 0.234212969732062, 
0.307563447274858, 0.276389401899195, 22.6842105263158, 22.6315789473684, 
22.6315789473684, 22.6842105263158, 22.6315789473684, 22.6315789473684, 
22.6315789473684, 22.6315789473684, 22.6315789473684, 22.6315789473684, 
43.1, 43, 47.7777777777778, 47.8888888888889, 43, 47.7777777777778, 
47.7777777777778, 47.7777777777778, 47.7777777777778, 43, 0.526315789473684, 
0.526315789473684, 0.473684210526316, 0.473684210526316, 0.526315789473684, 
0.473684210526316, 0.473684210526316, 0.473684210526316, 0.473684210526316, 
0.526315789473684, 0.924032498290237, 0.924784255592947, 0.924784255592947, 
0.924032498290237, 0.924784255592947, 0.924784255592947, 0.924784255592947, 
0.924784255592947, 0.924784255592947, 0.923588907096061, 1.14753807595913, 
1.14569419802902, 1.14569419802902, 1.14753807595913, 1.14569419802902, 
1.14569419802902, 1.14569419802902, 1.14569419802902, 1.14569419802902, 
1.14924004049685, 0.073522905088221, 0.0730742126090963, 0.0739415623136553, 
0.0738466519182, 0.0732802081639291, 0.0735837805605248, 0.0737789342440505, 
0.074223450967637, 0.0746788095625305, 0.0735946224318317, 0.495028920682709, 
0.490478146494088, 0.49493637463162, 0.497818581888539, 0.489128010948506, 
0.498261598804958, 0.492059946651089, 0.500510327244699, 0.496855792060823, 
0.495008490711676, 0.240595918754049, 0.230354290271478, 0.252478057774084, 
0.215820553075259, 0.250128732448245, 0.258063506124046, 0.239143551198518, 
0.239855394448404, 0.239554374627788, 0.244679697321308, 0.51063829787234, 
0.4375, 0.520833333333333, 0.574468085106383, 0.541666666666667, 
0.416666666666667, 0.520833333333333, 0.416666666666667, 0.479166666666667, 
0.4375, 0.51063829787234, 0.541666666666667, 0.604166666666667, 
0.446808510638298, 0.541666666666667, 0.520833333333333, 0.541666666666667, 
0.604166666666667, 0.5, 0.5625, 0.468085106382979, 0.458333333333333, 
0.458333333333333, 0.51063829787234, 0.541666666666667, 0.395833333333333, 
0.5, 0.4375, 0.416666666666667, 0.479166666666667, 0.51063829787234, 
0.5625, 0.520833333333333, 0.51063829787234, 0.583333333333333, 
0.583333333333333, 0.541666666666667, 0.541666666666667, 0.541666666666667, 
0.541666666666667), .Dim = c(10L, 26L), .Dimnames = list(NULL, 
    c("overlapping.F1", "overlapping.F1v", "overlapping.F2", 
    "overlapping.F3", "overlapping.F4", "neighborhood.N1", "neighborhood.N2", 
    "neighborhood.N3", "neighborhood.N4", "neighborhood.T1", 
    "neighborhood.LSCAvg", "linearity.L1", "linearity.L2", "linearity.L3", 
    "dimensionality.T2", "dimensionality.T3", "dimensionality.T4", 
    "balance.C1", "balance.C2", "network.Density", "network.ClsCoef", 
    "network.Hubs", "ANN", "C4.5", "kNN", "SVM")))
