aux <-
structure(c(0.352959942587523, 0.949595989635496, 0.656111111111111, 
0.00736481123364071, 0.00736481123364071, 0.706892030432202, 
1.1460221475709, 0.43538390978255, 0.42539038471915, 0.772204176334107, 
0.00347803485714963, 0.262885878022492, 0.288551563815498, 0.285889762754697, 
22.6421052631579, 45.8877777777778, 0.494736842105263, 0.924514369282716, 
1.14641755786182, 0.0737525137859676, 0.495008619011871, 0.241067407604318, 
0.485593971631206, 0.537411347517731, 0.466622340425532, 0.543794326241135
), .Names = c("overlapping.F1", "overlapping.F1v", "overlapping.F2", 
"overlapping.F3", "overlapping.F4", "neighborhood.N1", "neighborhood.N2", 
"neighborhood.N3", "neighborhood.N4", "neighborhood.T1", "neighborhood.LSCAvg", 
"linearity.L1", "linearity.L2", "linearity.L3", "dimensionality.T2", 
"dimensionality.T3", "dimensionality.T4", "balance.C1", "balance.C2", 
"network.Density", "network.ClsCoef", "network.Hubs", "ANN", 
"C4.5", "kNN", "SVM"))
