aux <-
structure(c(Inf, Inf, Inf, Inf, Inf, Inf, Inf, Inf, Inf, Inf, 
8.51971721704061, 9.36525721950331, 8.54122547858404, 8.25020274793646, 
8.56031528998054, 8.58415498035198, 8.30890236723925, 8.58703820525476, 
7.93181616524947, 8.72387197176799, 0, 0, 0, 0, 0, 0, 0, 0, 0, 
0, 0.264796065357863, 0.261295006898329, 0.272204387372927, 0.250141366531205, 
0.253968999572321, 0.263190242965524, 0.266505636070853, 0.250223681220262, 
0.242610914569879, 0.259444924613464, 0.636735435221024, 0.636530990585705, 
0.629451927326866, 0.617931897120954, 0.592569578280375, 0.619022924640902, 
0.631723027375201, 0.599980584470081, 0.577752934250247, 0.611533202544438, 
0.661764705882353, 0.632352941176471, 0.647058823529412, 0.647058823529412, 
0.632352941176471, 0.703703703703704, 0.656934306569343, 0.654411764705882, 
0.647058823529412, 0.688888888888889, 0.804718378999156, 0.700604783159751, 
0.718674715010565, 0.784873970436503, 0.743088020074849, 0.801188796974419, 
0.838164796896696, 0.722438983050848, 0.867229936241963, 0.668812385066074, 
0.397058823529412, 0.367647058823529, 0.382352941176471, 0.419117647058824, 
0.375, 0.42962962962963, 0.394160583941606, 0.382352941176471, 
0.463235294117647, 0.362962962962963, 0.154411764705882, 0.205882352941176, 
0.272058823529412, 0.198529411764706, 0.213235294117647, 0.222222222222222, 
0.284671532846715, 0.272058823529412, 0.286764705882353, 0.251851851851852, 
0.654411764705882, 0.625, 0.625, 0.632352941176471, 0.647058823529412, 
0.644444444444444, 0.664233576642336, 0.639705882352941, 0.647058823529412, 
0.622222222222222, 0.0143274221453287, 0.0155709342560554, 0.0157871972318339, 
0.0148680795847751, 0.0148680795847751, 0.0148696844993141, 0.0150780542383718, 
0.0149221453287197, 0.0143274221453287, 0.0148696844993141, 0.101419519349342, 
0.0784769606060071, 0.0837569773348899, 0.0973685767173971, 0.0902526721207049, 
0.095748325148026, 0.0864710501728546, 0.0919890256433719, 0.0993807363906508, 
0.090187163081216, 0.110235473694194, 0.0956205901247426, 0.113818846842784, 
0.139993575875354, 0.117564165194844, 0.129683134177516, 0.12061191626409, 
0.0996526678011778, 0.114102921992517, 0.133345223232864, 0.103193541517919, 
0.143207875010513, 0.143903523605526, 0.121099670562299, 0.173127922395143, 
0.111122086402985, 0.0836553945249597, 0.106774230491866, 0.110153159005138, 
0.133262908543807, 2.51851851851852, 2.51851851851852, 2.51851851851852, 
2.51851851851852, 2.51851851851852, 2.5, 2.53703703703704, 2.51851851851852, 
2.51851851851852, 2.5, 68, 68, 68, 68, 68, 67.5, 68.5, 68, 68, 
67.5, 0.037037037037037, 0.037037037037037, 0.037037037037037, 
0.037037037037037, 0.037037037037037, 0.037037037037037, 0.037037037037037, 
0.037037037037037, 0.037037037037037, 0.037037037037037, 0.999656652334404, 
0.999656652334404, 0.999656652334404, 0.999656652334404, 0.999656652334404, 
0.999850154048027, 0.999806935809831, 0.999656652334404, 0.999656652334404, 
0.999850154048027, 1.00057083447411, 1.00057083447411, 1.00057083447411, 
1.00057083447411, 1.00057083447411, 1.00024694406717, 1.00032206119163, 
1.00057083447411, 1.00057083447411, 1.00024694406717, 0.0679738562091503, 
0.0679738562091503, 0.0703703703703704, 0.0683006535947712, 0.0691721132897603, 
0.067551133222775, 0.0680549592099614, 0.066557734204793, 0.0673202614379085, 
0.066113875069099, 0.525904535417021, 0.519835136527563, 0.54347483036137, 
0.524974687816402, 0.535097813578826, 0.520446096654275, 0.537828947368421, 
0.523181169757489, 0.535695583871531, 0.513653136531365, 0.17716829708801, 
0.12743415558699, 0.155987883649872, 0.134934480764882, 0.150409511486742, 
0.138990138025505, 0.136930844935517, 0.139887514854319, 0.137546430526019, 
0.134474580007176, 0.6, 0.533333333333333, 0.4, 0.533333333333333, 
0.733333333333333, 0.625, 0.785714285714286, 0.533333333333333, 
0.733333333333333, 0.4375, 0.8, 0.466666666666667, 0.4, 0.4, 
0.466666666666667, 0.5, 0.642857142857143, 0.666666666666667, 
0.6, 0.5, 0.6, 0.466666666666667, 0.533333333333333, 0.733333333333333, 
0.6, 0.75, 0.642857142857143, 0.6, 0.866666666666667, 0.5, 0.6, 
0.6, 0.266666666666667, 0.533333333333333, 0.4, 0.5625, 0.428571428571429, 
0.533333333333333, 0.466666666666667, 0.625), .Dim = c(10L, 26L
), .Dimnames = list(NULL, c("overlapping.F1", "overlapping.F1v", 
"overlapping.F2", "overlapping.F3", "overlapping.F4", "neighborhood.N1", 
"neighborhood.N2", "neighborhood.N3", "neighborhood.N4", "neighborhood.T1", 
"neighborhood.LSCAvg", "linearity.L1", "linearity.L2", "linearity.L3", 
"dimensionality.T2", "dimensionality.T3", "dimensionality.T4", 
"balance.C1", "balance.C2", "network.Density", "network.ClsCoef", 
"network.Hubs", "ANN", "C4.5", "kNN", "SVM")))
