aux <-
structure(c(Inf, 8.53725016429084, 0, 0.258438122517263, 0.615323250181579, 
0.657158572269135, 0.764979476591082, 0.397351788241655, 0.236168678339138, 
0.640148847860312, 0.0149488703513817, 0.091505100656446, 0.117462851520008, 
0.122950031206016, 2.51666666666667, 67.95, 0.037037037037037, 
0.999710381024671, 1.00048117906447, 0.0679388812817739, 0.528009193788426, 
0.143376383692503, 0.591488095238095, 0.544285714285714, 0.629285714285714, 
0.501607142857143), .Names = c("overlapping.F1", "overlapping.F1v", 
"overlapping.F2", "overlapping.F3", "overlapping.F4", "neighborhood.N1", 
"neighborhood.N2", "neighborhood.N3", "neighborhood.N4", "neighborhood.T1", 
"neighborhood.LSCAvg", "linearity.L1", "linearity.L2", "linearity.L3", 
"dimensionality.T2", "dimensionality.T3", "dimensionality.T4", 
"balance.C1", "balance.C2", "network.Density", "network.ClsCoef", 
"network.Hubs", "ANN", "C4.5", "kNN", "SVM"))
