aux <-
structure(c(Inf, 14.8985927098661, 0, 0.15822976594803, 1, 0.0568690752834372, 
0.281038605166863, 0.018338890187371, 0.158263603277908, 0.199488062993524, 
0.0101076680478285, 0, 0, 0.035803096639417, 22.1574626865671, 
169.662857142857, 0.130597014925373, 0.620098523485027, 2.83496784707907, 
0.139164724775362, 0.628127509175055, 0.239330416753359, 1, 0.999089529590288, 
0.954534397670585, 0.973478624731796), .Names = c("overlapping.F1", 
"overlapping.F1v", "overlapping.F2", "overlapping.F3", "overlapping.F4", 
"neighborhood.N1", "neighborhood.N2", "neighborhood.N3", "neighborhood.N4", 
"neighborhood.T1", "neighborhood.LSCAvg", "linearity.L1", "linearity.L2", 
"linearity.L3", "dimensionality.T2", "dimensionality.T3", "dimensionality.T4", 
"balance.C1", "balance.C2", "network.Density", "network.ClsCoef", 
"network.Hubs", "ANN", "C4.5", "kNN", "SVM"))
