aux <-
structure(c(Inf, Inf, Inf, Inf, Inf, Inf, Inf, Inf, Inf, Inf, 
14.95664853383, 14.6351872147474, 14.7724619607974, 14.6245152137856, 
15.3569174612191, 15.2857031455786, 14.5026975208378, 15.2424934954372, 
14.8428084531665, 14.7664940992614, 0, 0, 0, 0, 0, 0, 0, 0, 0, 
0, 0.158976086224318, 0.155944762546312, 0.159171298635675, 0.159144493095318, 
0.155918504798788, 0.157797238127316, 0.157123610643314, 0.160127967671325, 
0.159622832126621, 0.158470865611317, 1, 1, 1, 1, 1, 1, 1, 1, 
1, 1, 0.0574267430111149, 0.0581003704951162, 0.0574364156981641, 
0.0575951498821152, 0.060447886849638, 0.0565847086561132, 0.0554058605591108, 
0.055733288432396, 0.0555649099174945, 0.0543954193331088, 0.285196299453073, 
0.279976266371426, 0.282024483517812, 0.281422789884729, 0.282861206250244, 
0.279460547917973, 0.280815121275404, 0.278524318179293, 0.281104390534188, 
0.279000628284488, 0.0191983832940384, 0.0186931626810374, 0.0173488293751053, 
0.0188615695520377, 0.0186900151540663, 0.0191983832940384, 0.0178511283260357, 
0.0176797440646573, 0.0176797440646573, 0.0181879420680364, 0.158976086224318, 
0.163354664870327, 0.15866599292572, 0.151397777029303, 0.15844418252231, 
0.167059616032334, 0.155607948804311, 0.156086883313689, 0.151372284896447, 
0.161670596160323, 0.199562142135399, 0.194173122263388, 0.205659423951491, 
0.203098686426406, 0.208452601448055, 0.195688784102391, 0.198720107780397, 
0.197676376494359, 0.198349890553965, 0.193499494779387, 0.0101075319561822, 
0.0100740377637519, 0.00986856859752685, 0.0100303903783579, 
0.0102214178888521, 0.0100140828756928, 0.010145904218975, 0.0102214462401764, 
0.0100533512385177, 0.0103399493202522, 0, 0, 0, 0, 0, 0, 0, 
0, 0, 0, 0, 0, 0, 0, 0, 0, 0, 0, 0, 0, 0.15981812057932, 0.00623105422701242, 
0.00505305709954518, 0.00623105422701242, 0.00521973396194642, 
0.151566183900303, 0.00639946109801282, 0.00639838356625699, 
0.00555649099174949, 0.00555742674301107, 22.1567164179104, 22.1567164179104, 
22.1529850746269, 22.1567164179104, 22.160447761194, 22.1567164179104, 
22.1567164179104, 22.160447761194, 22.160447761194, 22.1567164179104, 
169.657142857143, 169.657142857143, 169.628571428571, 169.657142857143, 
169.685714285714, 169.657142857143, 169.657142857143, 169.685714285714, 
169.685714285714, 169.657142857143, 0.130597014925373, 0.130597014925373, 
0.130597014925373, 0.130597014925373, 0.130597014925373, 0.130597014925373, 
0.130597014925373, 0.130597014925373, 0.130597014925373, 0.130597014925373, 
0.619987206702817, 0.619987206702817, 0.620050965715222, 0.619987206702817, 
0.620337009639383, 0.619987206702817, 0.619987206702817, 0.620337009639383, 
0.620337009639383, 0.619987206702817, 2.83588977044394, 2.83588977044394, 
2.83536145876178, 2.83588977044394, 2.83299279645508, 2.83588977044394, 
2.83588977044394, 2.83299279645508, 2.83299279645508, 2.83588977044394, 
0.138864896275607, 0.139217254394449, 0.139129832241228, 0.139165572178016, 
0.138827433346012, 0.139275290516744, 0.139277446306233, 0.139161695039118, 
0.139219541480748, 0.13950828597546, 0.628041876382613, 0.627443261398922, 
0.626513183243255, 0.62855557983285, 0.629053480963958, 0.627655873196899, 
0.628099893222605, 0.628965676896959, 0.627726821701309, 0.629219444911184, 
0.236379681987199, 0.23288270288808, 0.264441452223373, 0.243481108603605, 
0.238727791838313, 0.238582571028842, 0.231549837122919, 0.227676448617156, 
0.244687832733491, 0.234894740490613, 1, 1, 1, 1, 1, 1, 1, 1, 
1, 1, 1, 1, 1, 1, 1, 1, 1, 0.990895295902883, 1, 1, 0.946969696969697, 
0.951515151515152, 0.954614220877458, 0.953030303030303, 0.971168437025797, 
0.951515151515152, 0.957575757575758, 0.95144157814871, 0.959028831562974, 
0.948484848484848, 0.981818181818182, 0.963636363636364, 0.965204236006051, 
0.984848484848485, 0.984825493171472, 0.975757575757576, 0.977272727272727, 
0.963581183611533, 0.975720789074355, 0.962121212121212), .Dim = c(10L, 
26L), .Dimnames = list(NULL, c("overlapping.F1", "overlapping.F1v", 
"overlapping.F2", "overlapping.F3", "overlapping.F4", "neighborhood.N1", 
"neighborhood.N2", "neighborhood.N3", "neighborhood.N4", "neighborhood.T1", 
"neighborhood.LSCAvg", "linearity.L1", "linearity.L2", "linearity.L3", 
"dimensionality.T2", "dimensionality.T3", "dimensionality.T4", 
"balance.C1", "balance.C2", "network.Density", "network.ClsCoef", 
"network.Hubs", "ANN", "C4.5", "kNN", "SVM")))
