aux <-
structure(c(Inf, Inf, Inf, Inf, Inf, Inf, Inf, Inf, Inf, Inf, 
1.784441905238, 1.45767479417749, 1.61647574887283, 1.6205717542258, 
1.61466420602941, 1.7243774730919, 1.51745068400213, 1.78406427845074, 
1.70119106750763, 1.44494675186228, 0, 0, 0, 0, 0, 0, 0, 0, 0, 
0, 1, 1, 1, 1, 1, 1, 1, 1, 1, 1, 1, 1, 1, 1, 1, 1, 1, 1, 1, 1, 
0.030188679245283, 0.030188679245283, 0.0303030303030303, 0.0303030303030303, 
0.0303030303030303, 0.030188679245283, 0.030188679245283, 0.030188679245283, 
0.0303030303030303, 0.030188679245283, 0.104669058320563, 0.104703431896468, 
0.117731012168323, 0.112274913898363, 0.112639811708914, 0.111488002313062, 
0.115794577709999, 0.105188719867694, 0.109989602210121, 0.118319744750997, 
0, 0, 0, 0, 0, 0, 0, 0, 0, 0, 0, 0, 0, 0, 0, 0, 0, 0, 0, 0, 0.105660377358491, 
0.10188679245283, 0.117424242424242, 0.113636363636364, 0.117424242424242, 
0.116981132075472, 0.113207547169811, 0.105660377358491, 0.102272727272727, 
0.0943396226415094, 0.166749733001068, 0.166991812032752, 0.172936753902663, 
0.162390955004591, 0.16142963728191, 0.167433250266999, 0.164684941260235, 
0.16749021003916, 0.166996671258035, 0.157436810252759, 0, 0, 
0, 0, 0, 0, 0, 0, 0, 0, 0, 0, 0, 0, 0, 0, 0, 0, 0, 0, 0, 0, 0, 
0, 0, 0, 0, 0, 0, 0, 24.0909090909091, 24.0909090909091, 24, 
24, 24, 24.0909090909091, 24.0909090909091, 24.0909090909091, 
24, 24.0909090909091, 66.25, 66.25, 66, 66, 66, 66.25, 66.25, 
66.25, 66, 66.25, 0.363636363636364, 0.363636363636364, 0.363636363636364, 
0.363636363636364, 0.363636363636364, 0.363636363636364, 0.363636363636364, 
0.363636363636364, 0.363636363636364, 0.363636363636364, 0.864541722282655, 
0.864541722282655, 0.860965255854765, 0.860965255854765, 0.860965255854765, 
0.864541722282655, 0.864541722282655, 0.864541722282655, 0.860965255854765, 
0.864541722282655, 1.44447925368978, 1.44447925368978, 1.4584126984127, 
1.4584126984127, 1.4584126984127, 1.44447925368978, 1.44447925368978, 
1.44447925368978, 1.4584126984127, 1.44447925368978, 0.16798170383076, 
0.168667810177244, 0.172629335176864, 0.165888927295771, 0.168366171217882, 
0.170240137221269, 0.168925100057176, 0.168667810177244, 0.167588431846987, 
0.169182389937107, 0.751318894904901, 0.735441545599757, 0.733545289003759, 
0.745445857970495, 0.745186359418497, 0.734305451829724, 0.742180680133114, 
0.731687252202329, 0.747960596898469, 0.725450016981773, 0.226439140398968, 
0.234381909092716, 0.235598790792922, 0.223096198839477, 0.234293822416725, 
0.233664799456051, 0.230419163761571, 0.229790592137415, 0.23343814127387, 
0.238068346444016, 1, 1, 1, 1, 1, 1, 1, 1, 1, 1, 1, 1, 1, 1, 
1, 1, 1, 1, 1, 1, 0.96551724137931, 1, 1, 1, 1, 1, 1, 0.96551724137931, 
1, 1, 1, 1, 1, 1, 1, 1, 1, 1, 1, 0.931034482758621), .Dim = c(10L, 
26L), .Dimnames = list(NULL, c("overlapping.F1", "overlapping.F1v", 
"overlapping.F2", "overlapping.F3", "overlapping.F4", "neighborhood.N1", 
"neighborhood.N2", "neighborhood.N3", "neighborhood.N4", "neighborhood.T1", 
"neighborhood.LSCAvg", "linearity.L1", "linearity.L2", "linearity.L3", 
"dimensionality.T2", "dimensionality.T3", "dimensionality.T4", 
"balance.C1", "balance.C2", "network.Density", "network.ClsCoef", 
"network.Hubs", "ANN", "C4.5", "kNN", "SVM")))
