aux <-
structure(c(Inf, 1.62658586634582, 0, 1, 1, 0.0302344196683819, 
0.11127988748445, 0, 0, 0.108849342481418, 0.165454077430017, 
0, 0, 0, 24.0545454545455, 66.15, 0.363636363636364, 0.863111135711499, 
1.45005263157895, 0.16881378169383, 0.739252194494282, 0.231919090461373, 
1, 1, 0.993103448275862, 0.993103448275862), .Names = c("overlapping.F1", 
"overlapping.F1v", "overlapping.F2", "overlapping.F3", "overlapping.F4", 
"neighborhood.N1", "neighborhood.N2", "neighborhood.N3", "neighborhood.N4", 
"neighborhood.T1", "neighborhood.LSCAvg", "linearity.L1", "linearity.L2", 
"linearity.L3", "dimensionality.T2", "dimensionality.T3", "dimensionality.T4", 
"balance.C1", "balance.C2", "network.Density", "network.ClsCoef", 
"network.Hubs", "ANN", "C4.5", "kNN", "SVM"))
