aux <-
structure(c(Inf, Inf, Inf, Inf, Inf, Inf, Inf, Inf, Inf, Inf, 
0.522408016582885, 0.506233804494795, 0.61368701252389, 0.52601936030058, 
0.499443377025182, 0.565020971219617, 0.576812972541264, 0.514948163717125, 
0.4784276622488, 0.534313463756626, 0, 0, 0, 0, 0, 0, 0, 0, 0, 
0, 0.0104166666666667, 0.0104529616724739, 0.0449826989619377, 
0.0104166666666667, 0.00694444444444444, 0.0103806228373702, 
0.00696864111498258, 0.0104166666666667, 0.0104166666666667, 
0.0104166666666667, 0.03125, 0.0348432055749129, 0.0726643598615917, 
0.0243055555555556, 0.0173611111111111, 0.027681660899654, 0.024390243902439, 
0.0277777777777778, 0.0243055555555556, 0.0277777777777778, 0.475694444444444, 
0.480836236933798, 0.539792387543253, 0.479166666666667, 0.510416666666667, 
0.477508650519031, 0.543554006968641, 0.503472222222222, 0.53125, 
0.513888888888889, 0.654990842490843, 0.568843777581642, 0.597526831544564, 
0.663653400948076, 0.652582159624413, 0.625755013288234, 0.597604259094942, 
0.635094251803584, 0.621101814625665, 0.640181340968742, 0.416666666666667, 
0.425087108013937, 0.397923875432526, 0.420138888888889, 0.413194444444444, 
0.408304498269896, 0.376306620209059, 0.368055555555556, 0.395833333333333, 
0.402777777777778, 0.440972222222222, 0.477351916376307, 0.487889273356401, 
0.53125, 0.479166666666667, 0.474048442906574, 0.452961672473868, 
0.503472222222222, 0.534722222222222, 0.503472222222222, 0.788194444444444, 
0.801393728222996, 0.795847750865052, 0.798611111111111, 0.798611111111111, 
0.778546712802768, 0.770034843205575, 0.78125, 0.788194444444444, 
0.777777777777778, 0.0050877700617284, 0.0045405431655113, 0.0046096191377019, 
0.00518422067901235, 0.00456934799382716, 0.00505262149639013, 
0.00537823695807889, 0.00555796682098765, 0.00520833333333333, 
0.0052806712962963, 0.299775237722417, 0.288698525470882, 0.271628699145851, 
0.322796592962649, 0.290256186005326, 0.265278087888183, 0.280484906805298, 
0.298111405895016, 0.322812801675311, 0.283739899445132, 0.302083333333333, 
0.299651567944251, 0.307958477508651, 0.322916666666667, 0.309027777777778, 
0.28719723183391, 0.292682926829268, 0.326388888888889, 0.322916666666667, 
0.298611111111111, 0.239583333333333, 0.285714285714286, 0.314878892733564, 
0.326388888888889, 0.340277777777778, 0.283737024221453, 0.299651567944251, 
0.277777777777778, 0.329861111111111, 0.298611111111111, 28.8, 
28.7, 28.9, 28.8, 28.8, 28.9, 28.7, 28.8, 28.8, 28.8, 72, 71.75, 
72.25, 72, 72, 72.25, 71.75, 72, 72, 72, 0.4, 0.4, 0.4, 0.4, 
0.4, 0.4, 0.4, 0.4, 0.4, 0.4, 0.918295834054489, 0.91945289802043, 
0.920585385508937, 0.918295834054489, 0.918295834054489, 0.920585385508937, 
0.91945289802043, 0.921728988084745, 0.918295834054489, 0.918295834054489, 
1.25, 1.24610056719023, 1.24229488831615, 1.25, 1.25, 1.24229488831615, 
1.24610056719023, 1.23846278404491, 1.25, 1.25, 0.112272551296942, 
0.111644453107868, 0.110606497500961, 0.111933797909408, 0.113192024777391, 
0.110558439061899, 0.114909480763139, 0.110723964382501, 0.11384533488192, 
0.113772744870306, 0.75082848367281, 0.759355273472419, 0.754601989191279, 
0.743710627921154, 0.746822731353706, 0.74724119810825, 0.75602889282393, 
0.749890400473192, 0.754062880442134, 0.755644384260827, 0.179808293487577, 
0.180617854399877, 0.177744648790701, 0.179637740688774, 0.182476444510409, 
0.180241533402495, 0.193016872404295, 0.18013777702995, 0.185509762742209, 
0.182387350051175, 0.6875, 0.696969696969697, 0.774193548387097, 
0.75, 0.71875, 0.645161290322581, 0.727272727272727, 0.71875, 
0.71875, 0.625, 0.625, 0.696969696969697, 0.741935483870968, 
0.78125, 0.6875, 0.580645161290323, 0.696969696969697, 0.75, 
0.75, 0.5625, 0.5, 0.606060606060606, 0.451612903225806, 0.53125, 
0.53125, 0.451612903225806, 0.484848484848485, 0.5, 0.4375, 0.46875, 
0.625, 0.727272727272727, 0.709677419354839, 0.75, 0.65625, 0.645161290322581, 
0.666666666666667, 0.75, 0.71875, 0.65625), .Dim = c(10L, 26L
), .Dimnames = list(NULL, c("overlapping.F1", "overlapping.F1v", 
"overlapping.F2", "overlapping.F3", "overlapping.F4", "neighborhood.N1", 
"neighborhood.N2", "neighborhood.N3", "neighborhood.N4", "neighborhood.T1", 
"neighborhood.LSCAvg", "linearity.L1", "linearity.L2", "linearity.L3", 
"dimensionality.T2", "dimensionality.T3", "dimensionality.T4", 
"balance.C1", "balance.C2", "network.Density", "network.ClsCoef", 
"network.Hubs", "ANN", "C4.5", "kNN", "SVM")))
