aux <-
structure(c(Inf, 0.533731480441076, 0, 0.0131812702364542, 0.0312357248016376, 
0.505558017085361, 0.625733369197071, 0.402428876859208, 0.488530686066871, 
0.787846192398528, 0.00504693309428674, 0.292358234301607, 0.306943464856053, 
0.299648177061355, 28.8, 72, 0.4, 0.919328472541592, 1.24652536950577, 
0.112345928855234, 0.75181868617197, 0.182157827750746, 0.70623472629521, 
0.687277003910069, 0.49628848973607, 0.690502810361681), .Names = c("overlapping.F1", 
"overlapping.F1v", "overlapping.F2", "overlapping.F3", "overlapping.F4", 
"neighborhood.N1", "neighborhood.N2", "neighborhood.N3", "neighborhood.N4", 
"neighborhood.T1", "neighborhood.LSCAvg", "linearity.L1", "linearity.L2", 
"linearity.L3", "dimensionality.T2", "dimensionality.T3", "dimensionality.T4", 
"balance.C1", "balance.C2", "network.Density", "network.ClsCoef", 
"network.Hubs", "ANN", "C4.5", "kNN", "SVM"))
