aux <-
structure(c(0.487311918489354, 0.470547698310641, 0.488122528218399, 
0.524124289832539, 0.489723711379005, 0.475373127296749, 0.523960438627105, 
0.480934309204881, 0.532483541620979, 0.466462899950972, 4.39459987453384, 
4.28326292132906, 4.40915999258282, 4.39412178275617, 4.57752044282467, 
4.65699259715084, 4.37802941568093, 4.36645102037604, 4.52414386354648, 
4.3048027066174, 1, 1, 1, 1, 1, 1, 1, 1, 1, 1, 0, 0, 0, 0, 0, 
0, 0, 0, 0, 0, 0, 0, 0, 0, 0, 0, 0, 0, 0, 0, 0.310834813499112, 
0.313167259786477, 0.293072824156306, 0.310283687943262, 0.306049822064057, 
0.313167259786477, 0.314387211367673, 0.307829181494662, 0.311387900355872, 
0.304270462633452, 0.510869565217391, 0.510887772194305, 0.505794701986755, 
0.504526748971193, 0.502475247524752, 0.486421725239617, 0.502885408079143, 
0.510887772194305, 0.500822368421053, 0.505804311774461, 0.213143872113677, 
0.215302491103203, 0.200710479573712, 0.214539007092199, 0.206405693950178, 
0.204626334519573, 0.225577264653641, 0.213523131672598, 0.209964412811388, 
0.206405693950178, 0.163410301953819, 0.131672597864769, 0.13854351687389, 
0.182624113475177, 0.135231316725979, 0.120996441281139, 0.142095914742451, 
0.161921708185053, 0.163701067615658, 0.156583629893238, 0.309058614564831, 
0.341637010676157, 0.335701598579041, 0.342198581560284, 0.297153024911032, 
0.327402135231317, 0.344582593250444, 0.348754448398576, 0.352313167259786, 
0.345195729537367, 0.0307159375207039, 0.0308633375970416, 0.0323154630263527, 
0.0321349529701725, 0.0321266194703715, 0.0359512924101772, 0.0325173755162177, 
0.0314174085941161, 0.0328548270665265, 0.0322469320297362, 0.0690453735041135, 
0.0719459832578477, 0.0714556135057243, 0.0687024879057508, 0.0704895683343451, 
0.0593079301778188, 0.074288640749061, 0.075522150197152, 0.0682912482612897, 
0.0725789607249322, 0.071610191898411, 0.0738539104875738, 0.0670325779155342, 
0.0685946265106843, 0.0660490759500661, 0.057974523321058, 0.0676712198904709, 
0.0695362972590695, 0.0638488559280638, 0.0695362972590695, 0.113171181736366, 
0.0991564407405992, 0.105637607797896, 0.10794340513465, 0.102165815037102, 
0.107500711461108, 0.10411221758014, 0.102269879497602, 0.106670319541607, 
0.113914480251114, 140.75, 140.5, 140.75, 141, 140.5, 140.5, 
140.75, 140.5, 140.5, 140.5, 140.75, 140.5, 140.75, 141, 140.5, 
140.5, 140.75, 140.5, 140.5, 140.5, 1, 1, 1, 1, 1, 1, 1, 1, 1, 
1, 0.831238213673041, 0.831464273039118, 0.831238213673041, 0.833861591777274, 
0.831464273039118, 0.831464273039118, 0.831238213673041, 0.831464273039118, 
0.831464273039118, 0.831464273039118, 1.19655860855328, 1.1963420280252, 
1.19655860855328, 1.19409912538382, 1.1963420280252, 1.1963420280252, 
1.19655860855328, 1.1963420280252, 1.1963420280252, 1.1963420280252, 
0.116982610949223, 0.116587689750763, 0.116906759037439, 0.115950518372951, 
0.11630223101858, 0.117342569509201, 0.117602068228795, 0.116847774373418, 
0.117120546050837, 0.116429101566217, 0.532786733856341, 0.532540120259891, 
0.53147763670402, 0.534553675295753, 0.533405281974154, 0.534267235492613, 
0.534621935974384, 0.531909116337753, 0.533308364914675, 0.531766609000427, 
0.249612347946512, 0.246935346609562, 0.246335359501972, 0.247880047707384, 
0.248123736266342, 0.250062073256071, 0.243737323815688, 0.241474679545705, 
0.243378896251274, 0.245612055795803, 0.951612903225806, 0.936507936507937, 
0.887096774193548, 0.934426229508197, 0.888888888888889, 0.841269841269841, 
0.887096774193548, 0.936507936507937, 0.857142857142857, 0.968253968253968, 
0.774193548387097, 0.777777777777778, 0.774193548387097, 0.786885245901639, 
0.746031746031746, 0.714285714285714, 0.774193548387097, 0.841269841269841, 
0.777777777777778, 0.80952380952381, 0.806451612903226, 0.777777777777778, 
0.758064516129032, 0.836065573770492, 0.80952380952381, 0.682539682539683, 
0.774193548387097, 0.777777777777778, 0.777777777777778, 0.761904761904762, 
0.903225806451613, 0.920634920634921, 0.903225806451613, 0.918032786885246, 
0.904761904761905, 0.873015873015873, 0.919354838709677, 0.920634920634921, 
0.904761904761905, 0.904761904761905), .Dim = c(10L, 26L), .Dimnames = list(
    NULL, c("overlapping.F1", "overlapping.F1v", "overlapping.F2", 
    "overlapping.F3", "overlapping.F4", "neighborhood.N1", "neighborhood.N2", 
    "neighborhood.N3", "neighborhood.N4", "neighborhood.T1", 
    "neighborhood.LSCAvg", "linearity.L1", "linearity.L2", "linearity.L3", 
    "dimensionality.T2", "dimensionality.T3", "dimensionality.T4", 
    "balance.C1", "balance.C2", "network.Density", "network.ClsCoef", 
    "network.Hubs", "ANN", "C4.5", "kNN", "SVM")))
