aux <-
structure(c(0.493904446293062, 4.42890846173982, 1, 0, 0, 0.308445042308735, 
0.504137562160297, 0.211019838144035, 0.149678060861117, 0.334399690396883, 
0.0323144146201416, 0.0701627956618035, 0.0675707576420001, 0.106254205877818, 
140.625, 140.625, 1, 0.83163618710311, 1.19618271191949, 0.116807186885742, 
0.533063670981001, 0.246315186669631, 0.908880410969253, 0.77761325577296, 
0.776207683849144, 0.907241066706958), .Names = c("overlapping.F1", 
"overlapping.F1v", "overlapping.F2", "overlapping.F3", "overlapping.F4", 
"neighborhood.N1", "neighborhood.N2", "neighborhood.N3", "neighborhood.N4", 
"neighborhood.T1", "neighborhood.LSCAvg", "linearity.L1", "linearity.L2", 
"linearity.L3", "dimensionality.T2", "dimensionality.T3", "dimensionality.T4", 
"balance.C1", "balance.C2", "network.Density", "network.ClsCoef", 
"network.Hubs", "ANN", "C4.5", "kNN", "SVM"))
