aux <-
structure(c(61.7579750694337, 1178.46036477217, 1.27051336351548e-25, 
0.781351851851852, 0.999938271604938, 0.0853333333333333, 0.586649116778441, 
0.0411111111111111, 0.00322222222222222, 0.519888888888889, 0.0206631790123457, 
0, 0, 2.46913580246913e-05, 8.33333333333333, 150, 0.0555555555555556, 
1, 1, 0.0782917670310666, 0.884099884538858, 0.0953390897162318, 
0.9825, 0.8875, 0.9625, 0.9765), .Names = c("overlapping.F1", 
"overlapping.F1v", "overlapping.F2", "overlapping.F3", "overlapping.F4", 
"neighborhood.N1", "neighborhood.N2", "neighborhood.N3", "neighborhood.N4", 
"neighborhood.T1", "neighborhood.LSCAvg", "linearity.L1", "linearity.L2", 
"linearity.L3", "dimensionality.T2", "dimensionality.T3", "dimensionality.T4", 
"balance.C1", "balance.C2", "network.Density", "network.ClsCoef", 
"network.Hubs", "ANN", "C4.5", "kNN", "SVM"))
