aux <-
structure(c(63.3216382335368, 59.1619426404572, 61.5874822457297, 
61.2445068040923, 61.2680508600121, 62.0299885456017, 64.0707043007429, 
61.3284273618958, 63.1760732677995, 60.3909364344693, 1182.40946585103, 
1193.12168732928, 1123.70555938644, 1181.7870372447, 1190.21851255583, 
1164.04027604406, 1163.9596554104, 1245.40396743947, 1150.88231761418, 
1189.07516884628, 3.10656364264152e-26, 1.47973782871037e-26, 
1.00399015247705e-24, 6.31912162800707e-26, 1.89784708407575e-28, 
5.39637890959947e-27, 7.06578103775681e-26, 4.94862687995678e-27, 
4.2560281688286e-27, 7.20203510004782e-26, 0.775308641975309, 
0.776234567901235, 0.779753086419753, 0.774753086419753, 0.803888888888889, 
0.773395061728395, 0.779567901234568, 0.784753086419753, 0.782962962962963, 
0.782901234567901, 1, 1, 1, 1, 1, 0.999814814814815, 1, 1, 1, 
0.999567901234568, 0.0844444444444444, 0.0883333333333333, 0.0866666666666667, 
0.0822222222222222, 0.0811111111111111, 0.0838888888888889, 0.0883333333333333, 
0.08, 0.0916666666666667, 0.0866666666666667, 0.585257871490965, 
0.589376784393053, 0.587084684419493, 0.587872072244429, 0.584436997670971, 
0.586635994658966, 0.584279474943248, 0.583569245026084, 0.588213967792436, 
0.589764075144767, 0.0411111111111111, 0.04, 0.0422222222222222, 
0.0411111111111111, 0.0411111111111111, 0.04, 0.0394444444444444, 
0.0388888888888889, 0.0433333333333333, 0.0438888888888889, 0.00388888888888889, 
0.00444444444444444, 0.00277777777777778, 0.00444444444444444, 
0.00277777777777778, 0.00333333333333333, 0.00166666666666667, 
0.00333333333333333, 0.00222222222222222, 0.00333333333333333, 
0.517222222222222, 0.519444444444444, 0.525555555555556, 0.526666666666667, 
0.518333333333333, 0.516111111111111, 0.511666666666667, 0.53, 
0.508333333333333, 0.525555555555556, 0.0206706790123457, 0.0207049382716049, 
0.0205092592592593, 0.0207490740740741, 0.0211675925925926, 0.0205725308641975, 
0.0205293209876543, 0.0204885802469136, 0.0205117283950617, 0.0207280864197531, 
0, 0, 0, 0, 0, 0, 0, 0, 0, 0, 0, 0, 0, 0, 0, 0, 0, 0, 0, 0, 0, 
0, 6.17283950617282e-05, 0, 0, 0, 6.17283950617282e-05, 6.17283950617282e-05, 
6.17283950617282e-05, 0, 8.33333333333333, 8.33333333333333, 
8.33333333333333, 8.33333333333333, 8.33333333333333, 8.33333333333333, 
8.33333333333333, 8.33333333333333, 8.33333333333333, 8.33333333333333, 
150, 150, 150, 150, 150, 150, 150, 150, 150, 150, 0.0555555555555556, 
0.0555555555555556, 0.0555555555555556, 0.0555555555555556, 0.0555555555555556, 
0.0555555555555556, 0.0555555555555556, 0.0555555555555556, 0.0555555555555556, 
0.0555555555555556, 1, 1, 1, 1, 1, 1, 1, 1, 1, 1, 1, 1, 1, 1, 
1, 1, 1, 1, 1, 1, 0.0782224692730529, 0.078686307207708, 0.0779710950528071, 
0.0783046136742635, 0.0783416712988697, 0.0785010190846767, 0.0782891729973442, 
0.0782057933419801, 0.0781032672472361, 0.0782922611327281, 0.883989840063548, 
0.886818613368578, 0.882761956369145, 0.885333889854735, 0.884466388333077, 
0.884067788772034, 0.883283934048864, 0.88477363786761, 0.882116305815237, 
0.883386490895753, 0.0950423781645497, 0.0959643979166556, 0.0952013741295053, 
0.0955416683944936, 0.0949756197468988, 0.0956155246670852, 0.0952756710228502, 
0.0954001805210545, 0.0953443018194702, 0.0950297807797549, 1, 
0.98, 0.985, 0.98, 0.97, 0.975, 0.98, 0.98, 0.99, 0.985, 0.895, 
0.89, 0.91, 0.865, 0.895, 0.9, 0.88, 0.885, 0.885, 0.87, 0.965, 
0.96, 0.96, 0.955, 0.975, 0.96, 0.955, 0.955, 0.98, 0.96, 0.99, 
0.985, 0.98, 0.975, 0.965, 0.975, 0.965, 0.97, 0.99, 0.97), .Dim = c(10L, 
26L), .Dimnames = list(NULL, c("overlapping.F1", "overlapping.F1v", 
"overlapping.F2", "overlapping.F3", "overlapping.F4", "neighborhood.N1", 
"neighborhood.N2", "neighborhood.N3", "neighborhood.N4", "neighborhood.T1", 
"neighborhood.LSCAvg", "linearity.L1", "linearity.L2", "linearity.L3", 
"dimensionality.T2", "dimensionality.T3", "dimensionality.T4", 
"balance.C1", "balance.C2", "network.Density", "network.ClsCoef", 
"network.Hubs", "ANN", "C4.5", "kNN", "SVM")))
