aux <-
structure(c(Inf, Inf, Inf, Inf, Inf, Inf, Inf, Inf, Inf, Inf, 
51.3446192710636, 49.2903399993883, 47.7097607553621, 48.9609114343479, 
49.1667473496259, 46.3399365969589, 51.6532307119569, 51.4246328732386, 
45.9610354550688, 49.550472864471, 0, 0, 0, 0, 0, 0, 0, 0, 0, 
0, 0.518518518518518, 0.490740740740741, 0.537037037037037, 0.490740740740741, 
0.518518518518518, 0.5, 0.490740740740741, 0.490740740740741, 
0.509259259259259, 0.490740740740741, 1, 1, 1, 1, 1, 1, 1, 1, 
1, 1, 0.0185185185185185, 0.0185185185185185, 0.0185185185185185, 
0.0185185185185185, 0.0185185185185185, 0.0185185185185185, 0.0185185185185185, 
0.0185185185185185, 0.0185185185185185, 0.0185185185185185, 0.00676268002504694, 
0.00644113038936919, 0.00650797373358348, 0.00632765761619877, 
0.00617751617227111, 0.0064587454905155, 0.00606555464831445, 
0.00591172587958443, 0.00622780978988415, 0.00647683510327923, 
0, 0, 0, 0, 0, 0, 0, 0, 0, 0, 0.037037037037037, 0.037037037037037, 
0.00925925925925926, 0.00925925925925926, 0.0462962962962963, 
0.0185185185185185, 0.0277777777777778, 0.037037037037037, 0.00925925925925926, 
0.0740740740740741, 0.0462962962962963, 0.0462962962962963, 0.0462962962962963, 
0.0462962962962963, 0.0462962962962963, 0.0462962962962963, 0.0462962962962963, 
0.0462962962962963, 0.0462962962962963, 0.0462962962962963, 0.319787379972565, 
0.32707475994513, 0.321073388203018, 0.32227366255144, 0.320216049382716, 
0.318072702331962, 0.319615912208505, 0.327417695473251, 0.31738683127572, 
0.323988340192044, 0, 0, 0, 0, 0, 0, 0, 0, 0, 0, 0, 0, 0, 0, 
0, 0, 0, 0, 0, 0, 0.0185185185185185, 0, 0.0092592592592593, 
0, 0, 0.0092592592592593, 0, 0.0185185185185185, 0.0277777777777778, 
0, 15.4285714285714, 15.4285714285714, 15.4285714285714, 15.4285714285714, 
15.4285714285714, 15.4285714285714, 15.4285714285714, 15.4285714285714, 
15.4285714285714, 15.4285714285714, 27, 27, 27, 27, 27, 27, 27, 
27, 27, 27, 0.571428571428571, 0.571428571428571, 0.571428571428571, 
0.571428571428571, 0.571428571428571, 0.571428571428571, 0.571428571428571, 
0.571428571428571, 0.571428571428571, 0.571428571428571, 0.979868756651153, 
0.979868756651153, 0.979868756651153, 0.979868756651153, 0.979868756651153, 
0.979868756651153, 0.979868756651153, 0.979868756651153, 0.979868756651153, 
0.979868756651153, 1.05714285714286, 1.05714285714286, 1.05714285714286, 
1.05714285714286, 1.05714285714286, 1.05714285714286, 1.05714285714286, 
1.05714285714286, 1.05714285714286, 1.05714285714286, 0.180339217722395, 
0.175839390792662, 0.176358601592246, 0.176185531325718, 0.178089304257529, 
0.175839390792662, 0.176877812391831, 0.172031844929041, 0.178089304257529, 
0.174454828660436, 0.833386479591837, 0.831594634873323, 0.840944102112676, 
0.836646167362179, 0.827754570607063, 0.837247950365611, 0.838771804325098, 
0.831019185343089, 0.833442088091354, 0.829352112676056, 0.336919009271119, 
0.356954810957971, 0.243825626981647, 0.390917966869373, 0.325702694093742, 
0.350173359652388, 0.174506102746556, 0.17499053252464, 0.446065428582299, 
0.171962982554489, 1, 1, 1, 1, 1, 1, 1, 1, 1, 1, 1, 1, 1, 1, 
1, 1, 1, 1, 1, 1, 1, 1, 1, 1, 1, 1, 1, 1, 1, 1, 1, 1, 1, 1, 1, 
1, 1, 1, 1, 1), .Dim = c(10L, 26L), .Dimnames = list(NULL, c("overlapping.F1", 
"overlapping.F1v", "overlapping.F2", "overlapping.F3", "overlapping.F4", 
"neighborhood.N1", "neighborhood.N2", "neighborhood.N3", "neighborhood.N4", 
"neighborhood.T1", "neighborhood.LSCAvg", "linearity.L1", "linearity.L2", 
"linearity.L3", "dimensionality.T2", "dimensionality.T3", "dimensionality.T4", 
"balance.C1", "balance.C2", "network.Density", "network.ClsCoef", 
"network.Hubs", "ANN", "C4.5", "kNN", "SVM")))
