aux <-
structure(c(Inf, 49.1401687311482, 0, 0.503703703703704, 1, 0.0185185185185185, 
0.00633576288480473, 0, 0.0305555555555555, 0.0462962962962963, 
0.321690672153635, 0, 0, 0.00833333333333334, 15.4285714285714, 
27, 0.571428571428571, 0.979868756651153, 1.05714285714286, 0.176410522672205, 
0.834015909534829, 0.297201851423422, 1, 1, 1, 1), .Names = c("overlapping.F1", 
"overlapping.F1v", "overlapping.F2", "overlapping.F3", "overlapping.F4", 
"neighborhood.N1", "neighborhood.N2", "neighborhood.N3", "neighborhood.N4", 
"neighborhood.T1", "neighborhood.LSCAvg", "linearity.L1", "linearity.L2", 
"linearity.L3", "dimensionality.T2", "dimensionality.T3", "dimensionality.T4", 
"balance.C1", "balance.C2", "network.Density", "network.ClsCoef", 
"network.Hubs", "ANN", "C4.5", "kNN", "SVM"))
