aux <-
structure(c(2.13117931453786, 3.80564089589837, 0.0428213786369179, 
0.308245614035088, 0.78094298245614, 0.258958333333333, 0.609936694587343, 
0.162489035087719, 0.134166666666667, 0.373190789473684, 0.0994579498018621, 
0.114087471553733, 0.106929824561404, 0.114298245614035, 13.6285714285714, 
31.8, 0.428571428571429, 0.718097685987338, 2.14795416571733, 
0.159660787607316, 0.547686662949078, 0.375668902010455, 0.838181818181818, 
0.81, 0.808181818181818, 0.867272727272727), .Names = c("overlapping.F1", 
"overlapping.F1v", "overlapping.F2", "overlapping.F3", "overlapping.F4", 
"neighborhood.N1", "neighborhood.N2", "neighborhood.N3", "neighborhood.N4", 
"neighborhood.T1", "neighborhood.LSCAvg", "linearity.L1", "linearity.L2", 
"linearity.L3", "dimensionality.T2", "dimensionality.T3", "dimensionality.T4", 
"balance.C1", "balance.C2", "network.Density", "network.ClsCoef", 
"network.Hubs", "ANN", "C4.5", "kNN", "SVM"))
