aux <-
structure(c(1.2596295061572, 1.85993231445306, 2.13117550793086, 
1.9066862058017, 1.90207034375227, 1.77604908696823, 3.15527730120317, 
3.05128112432028, 2.36578470354811, 1.90390705124372, 3.63127031883274, 
3.73316155494702, 4.18039640766846, 2.96908644243045, 4.5154127163248, 
3.17920310845163, 3.70881317665358, 4.9151027630646, 3.87299831960809, 
3.3509641510023, 0.0719608591573124, 0.0463092314692209, 0.0254988319252102, 
0.0447833982307344, 0.0505112792036754, 0.0444036900621696, 0.0301250767477842, 
0.0060935009156347, 0.0618311622386827, 0.0466967564187541, 0.291666666666667, 
0.3125, 0.28125, 0.28125, 0.294736842105263, 0.284210526315789, 
0.273684210526316, 0.463157894736842, 0.305263157894737, 0.294736842105263, 
0.71875, 0.8125, 0.833333333333333, 0.739583333333333, 0.726315789473684, 
0.747368421052632, 0.778947368421053, 0.926315789473684, 0.778947368421053, 
0.747368421052632, 0.239583333333333, 0.239583333333333, 0.25, 
0.260416666666667, 0.273684210526316, 0.284210526315789, 0.252631578947368, 
0.221052631578947, 0.273684210526316, 0.294736842105263, 0.63293470263886, 
0.558396366798532, 0.587994256860309, 0.602732158841198, 0.604056145169025, 
0.663936711507632, 0.630923943003191, 0.555347012483257, 0.618823205108394, 
0.644222443463035, 0.15625, 0.145833333333333, 0.166666666666667, 
0.166666666666667, 0.157894736842105, 0.189473684210526, 0.147368421052632, 
0.115789473684211, 0.178947368421053, 0.2, 0.125, 0.104166666666667, 
0.114583333333333, 0.197916666666667, 0.147368421052632, 0.136842105263158, 
0.136842105263158, 0.115789473684211, 0.147368421052632, 0.115789473684211, 
0.40625, 0.364583333333333, 0.322916666666667, 0.375, 0.378947368421053, 
0.421052631578947, 0.378947368421053, 0.315789473684211, 0.378947368421053, 
0.389473684210526, 0.0866970486111111, 0.146701388888889, 0.102647569444444, 
0.0980902777777778, 0.0997229916897507, 0.0886426592797784, 0.0929639889196676, 
0.102382271468144, 0.0878670360110803, 0.0888642659279778, 0.118562614366168, 
0.117428731571115, 0.108832896344701, 0.130247646147234, 0.0995446728575442, 
0.120592582925449, 0.11555605356534, 0.101884729116326, 0.10679254413817, 
0.121432244505278, 0.104166666666667, 0.104166666666667, 0.09375, 
0.114583333333333, 0.115789473684211, 0.126315789473684, 0.0947368421052631, 
0.0947368421052631, 0.105263157894737, 0.115789473684211, 0.104166666666667, 
0.0416666666666666, 0.15625, 0.114583333333333, 0.105263157894737, 
0.126315789473684, 0.126315789473684, 0.0947368421052631, 0.126315789473684, 
0.147368421052632, 13.7142857142857, 13.7142857142857, 13.7142857142857, 
13.7142857142857, 13.5714285714286, 13.5714285714286, 13.5714285714286, 
13.5714285714286, 13.5714285714286, 13.5714285714286, 32, 32, 
32, 32, 31.6666666666667, 31.6666666666667, 31.6666666666667, 
31.6666666666667, 31.6666666666667, 31.6666666666667, 0.428571428571429, 
0.428571428571429, 0.428571428571429, 0.428571428571429, 0.428571428571429, 
0.428571428571429, 0.428571428571429, 0.428571428571429, 0.428571428571429, 
0.428571428571429, 0.717741809169744, 0.717741809169744, 0.717741809169744, 
0.717741809169744, 0.721928094887362, 0.721928094887362, 0.721928094887362, 
0.721928094887362, 0.70036914875759, 0.721928094887362, 2.14969241285031, 
2.14969241285031, 2.14969241285031, 2.14969241285031, 2.125, 
2.125, 2.125, 2.125, 2.25577200577201, 2.125, 0.156578947368421, 
0.159868421052632, 0.161842105263158, 0.154824561403509, 0.160582306830907, 
0.16013437849944, 0.160806270996641, 0.15946248600224, 0.163717805151176, 
0.158790593505039, 0.549926260085018, 0.55009641988765, 0.549208704253215, 
0.543791427308882, 0.5499023188652, 0.53743451073179, 0.551557927354106, 
0.551751176163095, 0.542934249263984, 0.550263635577837, 0.376156041527596, 
0.394089630281778, 0.39028233579991, 0.364344875289421, 0.379638017167179, 
0.353834336861159, 0.375505062941524, 0.373192869544597, 0.38787338097127, 
0.361772469720112, 0.8, 0.9, 0.6, 0.9, 0.909090909090909, 1, 
0.818181818181818, 0.727272727272727, 0.818181818181818, 0.909090909090909, 
0.8, 0.8, 0.6, 0.9, 0.818181818181818, 1, 0.818181818181818, 
0.727272727272727, 0.727272727272727, 0.909090909090909, 0.7, 
0.8, 0.6, 0.8, 0.727272727272727, 1, 0.818181818181818, 0.727272727272727, 
0.909090909090909, 1, 0.8, 0.9, 0.7, 1, 0.909090909090909, 1, 
0.818181818181818, 0.818181818181818, 0.818181818181818, 0.909090909090909
), .Dim = c(10L, 26L), .Dimnames = list(NULL, c("overlapping.F1", 
"overlapping.F1v", "overlapping.F2", "overlapping.F3", "overlapping.F4", 
"neighborhood.N1", "neighborhood.N2", "neighborhood.N3", "neighborhood.N4", 
"neighborhood.T1", "neighborhood.LSCAvg", "linearity.L1", "linearity.L2", 
"linearity.L3", "dimensionality.T2", "dimensionality.T3", "dimensionality.T4", 
"balance.C1", "balance.C2", "network.Density", "network.ClsCoef", 
"network.Hubs", "ANN", "C4.5", "kNN", "SVM")))
