aux <-
structure(c(0.0108162485033776, 0.028583713237397, 0.62904951132378, 
0.00517818842785206, 0.0087630722060684, 0.192243314731983, 0.158203708468825, 
0.128448653895185, 0.355241917034263, 0.19557664376149, 0.015020898838722, 
0.448285429210607, 0.448301885429713, 0.442117776811069, 2385, 
2385, 1, 0.992274420567793, 1.02161265045886, 0.111663584494321, 
0.747430452914392, 0.15104344376759, 0.718856294080589, 0.886229388700579, 
0.870940640250269, 0.903577598931517), .Names = c("overlapping.F1", 
"overlapping.F1v", "overlapping.F2", "overlapping.F3", "overlapping.F4", 
"neighborhood.N1", "neighborhood.N2", "neighborhood.N3", "neighborhood.N4", 
"neighborhood.T1", "neighborhood.LSCAvg", "linearity.L1", "linearity.L2", 
"linearity.L3", "dimensionality.T2", "dimensionality.T3", "dimensionality.T4", 
"balance.C1", "balance.C2", "network.Density", "network.ClsCoef", 
"network.Hubs", "ANN", "C4.5", "kNN", "SVM"))
