aux <-
structure(c(0.00884529148501676, 0.0121248219282352, 0.0110625711907064, 
0.0108420480196241, 0.00915715740898713, 0.0097873933154666, 
0.0113075642437743, 0.00929575323715526, 0.0119032316494529, 
0.0138366525553571, 0.0267276025911372, 0.0277010591109178, 0.0279543284777612, 
0.0307456612987105, 0.0231571646878247, 0.0261505561792926, 0.0302198671317934, 
0.0276497289012636, 0.0321656400805158, 0.0333655239147531, 0.625724439584472, 
0.625724439584472, 0.578388311767207, 0.643009645097856, 0.625724439584472, 
0.628258948298719, 0.674603886913597, 0.625724439584472, 0.637612123238063, 
0.625724439584472, 0.00377437617949256, 0.00440251572327044, 
0.00943594044873139, 0.0039832285115304, 0.00419199329281073, 
0.00398406374501992, 0.00880318591490254, 0.0046111926220918, 
0.00419287211740042, 0.00440251572327044, 0.00712937722793038, 
0.00817610062893082, 0.0125812539316419, 0.00754716981132075, 
0.00796478725634039, 0.00754875235898511, 0.0127855795430727, 
0.00796478725634039, 0.0079664570230608, 0.0079664570230608, 
0.194590060809394, 0.191614255765199, 0.194380373243867, 0.189098532494759, 
0.189478096835045, 0.192912560285175, 0.189478096835045, 0.196814085097464, 
0.192662473794549, 0.191404612159329, 0.160312156971861, 0.1564077518763, 
0.156194348262568, 0.158319434620741, 0.159329766241899, 0.1589332383922, 
0.154067951383052, 0.160918299157933, 0.157602323174994, 0.159951814606702, 
0.127699727406165, 0.126205450733753, 0.13126441602013, 0.127253668763103, 
0.128484594424649, 0.127490039840637, 0.126598197442884, 0.130580591071054, 
0.130188679245283, 0.128721174004193, 0.359404487313902, 0.348637316561845, 
0.364436988886559, 0.364989517819707, 0.355900230559631, 0.366324176976305, 
0.349612240620415, 0.345210647662964, 0.356394129979036, 0.341509433962264, 
0.198574124554414, 0.194129979035639, 0.195219123505976, 0.189308176100629, 
0.194718088451058, 0.198364436988887, 0.192412492140013, 0.19911968140851, 
0.19832285115304, 0.19559748427673, 0.0146732490417753, 0.0151065138949321, 
0.0151774841018441, 0.0151107770877558, 0.0150142508881187, 0.0149787008173506, 
0.0159864664778263, 0.0147529871686433, 0.0147127618896932, 0.0146957970192811, 
0.448302614115734, 0.448438278032097, 0.44830259684255, 0.44819100922788, 
0.448328231552002, 0.448309014676653, 0.448314201541423, 0.448280212361452, 
0.448203867987982, 0.448184265768295, 0.448312015097505, 0.448427672955975, 
0.448312015097505, 0.448218029350105, 0.448333682666108, 0.448312015097505, 
0.448333682666108, 0.448333682666108, 0.448218029350105, 0.448218029350105, 
0.444327951352485, 0.460167714884696, 0.445376389180122, 0.437945492662474, 
0.429888912177741, 0.439295449779828, 0.455040871934605, 0.426116118214211, 
0.453039832285115, 0.429979035639413, 2384.5, 2385, 2384.5, 2385, 
2385.5, 2384.5, 2385.5, 2385.5, 2385, 2385, 2384.5, 2385, 2384.5, 
2385, 2385.5, 2384.5, 2385.5, 2385.5, 2385, 2385, 1, 1, 1, 1, 
1, 1, 1, 1, 1, 1, 0.992277464918815, 0.992312048015414, 0.992277464918815, 
0.992249304578919, 0.992283949723105, 0.992277464918815, 0.992283949723105, 
0.992283949723105, 0.992249304578919, 0.992249304578919, 1.02160405597931, 
1.02150644249729, 1.02160405597931, 1.02168354653527, 1.02158575151585, 
1.02160405597931, 1.02158575151585, 1.02158575151585, 1.02168354653527, 
1.02168354653527, 0.111650360761124, 0.111481427264571, 0.111337764449092, 
0.111732700665945, 0.111797824645493, 0.111565395078112, 0.112230469990996, 
0.111570033311846, 0.111611547850307, 0.11165832092572, 0.746321912261933, 
0.748159160073441, 0.74733323415478, 0.746102134150255, 0.746657124992571, 
0.748236605049711, 0.745455878393935, 0.747232529105296, 0.74934275888698, 
0.749463192075016, 0.151923560175521, 0.150293726454031, 0.150444897689666, 
0.150303341015524, 0.151638598755213, 0.15169952205675, 0.152247964681091, 
0.152396829556584, 0.149979584596999, 0.14950641269452, 0.717514124293785, 
0.722641509433962, 0.732580037664783, 0.69811320754717, 0.712665406427221, 
0.745762711864407, 0.712665406427221, 0.708884688090737, 0.730188679245283, 
0.707547169811321, 0.902071563088512, 0.875471698113208, 0.885122410546139, 
0.869811320754717, 0.880907372400756, 0.88135593220339, 0.892249527410208, 
0.911153119092628, 0.886792452830189, 0.877358490566038, 0.871939736346516, 
0.858490566037736, 0.890772128060264, 0.864150943396226, 0.880907372400756, 
0.873822975517891, 0.863894139886578, 0.877126654064272, 0.881132075471698, 
0.847169811320755, 0.930320150659134, 0.890566037735849, 0.91713747645951, 
0.888679245283019, 0.892249527410208, 0.909604519774011, 0.901701323251418, 
0.924385633270321, 0.90377358490566, 0.877358490566038), .Dim = c(10L, 
26L), .Dimnames = list(NULL, c("overlapping.F1", "overlapping.F1v", 
"overlapping.F2", "overlapping.F3", "overlapping.F4", "neighborhood.N1", 
"neighborhood.N2", "neighborhood.N3", "neighborhood.N4", "neighborhood.T1", 
"neighborhood.LSCAvg", "linearity.L1", "linearity.L2", "linearity.L3", 
"dimensionality.T2", "dimensionality.T3", "dimensionality.T4", 
"balance.C1", "balance.C2", "network.Density", "network.ClsCoef", 
"network.Hubs", "ANN", "C4.5", "kNN", "SVM")))
