aux <-
structure(c(2.40609723339075, 2.29443809453448, 2.37984069620753, 
2.27782352241494, 2.3430483274703, 2.35271613451536, 2.34400443559071, 
2.33399923685698, 2.26552218131907, 2.35664063080775, 26.3517397968064, 
26.2209284719139, 26.2010847901043, 25.0438200842933, 25.435262568851, 
26.2947280611959, 25.8242508927539, 25.4881343309282, 25.6429142141526, 
26.4024764830853, 0.155943805983733, 0.157928221568838, 0.116959707458469, 
0.15626584527017, 0.16634904476088, 0.157571239622678, 0.157841509238285, 
0.15626584527017, 0.15626584527017, 0.157197679294937, 0.344939271255061, 
0.339546191247974, 0.437246963562753, 0.332793522267206, 0.34251012145749, 
0.334412955465587, 0.339271255060729, 0.339271255060729, 0.338461538461538, 
0.337925445705024, 0.652631578947368, 0.650729335494327, 0.728744939271255, 
0.643724696356275, 0.649392712550607, 0.644534412955466, 0.670445344129555, 
0.645344129554656, 0.651012145748988, 0.644246353322528, 0.00323886639676113, 
0.00486223662884927, 0.00323886639676113, 0.0048582995951417, 
0.00647773279352227, 0.0048582995951417, 0.0048582995951417, 
0.00809716599190283, 0.0048582995951417, 0.00486223662884927, 
0.115247077272355, 0.117301235207493, 0.11460244997347, 0.117730288793203, 
0.117377515585198, 0.116317278461521, 0.113830037638349, 0.115559358098368, 
0.115281643055689, 0.11762598241432, 0.000809716599190283, 0.00162074554294976, 
0.000809716599190283, 0.00161943319838057, 0.00161943319838057, 
0.00161943319838057, 0.00161943319838057, 0.00161943319838057, 
0.00161943319838057, 0.00162074554294976, 0.0615384615384615, 
0.0551053484602917, 0.0534412955465587, 0.0493927125506073, 0.0647773279352227, 
0.048582995951417, 0.0582995951417004, 0.0566801619433198, 0.0461538461538462, 
0.0518638573743922, 0.037246963562753, 0.0388978930307942, 0.0380566801619433, 
0.0356275303643725, 0.0380566801619433, 0.037246963562753, 0.0380566801619433, 
0.0307692307692308, 0.0331983805668016, 0.0340356564019449, 0.0770542051172778, 
0.0761940849354723, 0.0767217951449786, 0.075249225524103, 0.0740848071595994, 
0.0764667508072579, 0.0771564851087544, 0.0765873887459227, 0.0753383926961596, 
0.0761179072681375, 0.00579932809058742, 0.00482425168677015, 
0.00462324010175761, 0.00536481832156171, 0.00523602022625032, 
0.004794274439264, 0.00579005987294368, 0.00528585451998694, 
0.00543301134487543, 0.00472885956884542, 0.0145748987854251, 
0.013776337115073, 0.0121457489878543, 0.0161943319838057, 0.0153846153846153, 
0.0145748987854251, 0.0153846153846153, 0.0161943319838057, 0.0161943319838057, 
0.0162074554294975, 0.0728744939271255, 0.0518638573743923, 0.0663967611336033, 
0.0639676113360323, 0.0647773279352226, 0.0647773279352226, 0.0631578947368421, 
0.0672064777327935, 0.0696356275303643, 0.0713128038897893, 308.75, 
308.5, 308.75, 308.75, 308.75, 308.75, 308.75, 308.75, 308.75, 
308.5, 411.666666666667, 411.333333333333, 411.666666666667, 
411.666666666667, 411.666666666667, 411.666666666667, 411.666666666667, 
411.666666666667, 411.666666666667, 411.333333333333, 0.75, 0.75, 
0.75, 0.75, 0.75, 0.75, 0.75, 0.75, 0.75, 0.75, 0.991104999582645, 
0.99122040205083, 0.991104999582645, 0.991104999582645, 0.991104999582645, 
0.991104999582645, 0.991104999582645, 0.991104999582645, 0.991104999582645, 
0.99122040205083, 1.02491808589166, 1.02459149349182, 1.02491808589166, 
1.02491808589166, 1.02491808589166, 1.02491808589166, 1.02491808589166, 
1.02491808589166, 1.02491808589166, 1.02459149349182, 0.146499648947828, 
0.146824035406652, 0.146587576033963, 0.145829040872972, 0.145654499045269, 
0.146209620798037, 0.146839546191248, 0.146704374700621, 0.145741113786836, 
0.14693050774159, 0.69935084150978, 0.694839425602846, 0.699979539983152, 
0.695299254429009, 0.695597376927262, 0.69913780512134, 0.698613517302026, 
0.696969293663206, 0.696024547475531, 0.697835252245787, 0.325245621850215, 
0.331781406111699, 0.333271923694403, 0.337882534231571, 0.326210439267299, 
0.33105366757363, 0.334475169604215, 0.326444201591963, 0.322863970988249, 
0.329095693068621, 1, 1, 1, 1, 1, 1, 1, 1, 1, 1, 0.992700729927007, 
0.971014492753623, 0.978102189781022, 0.992700729927007, 0.992700729927007, 
0.963503649635037, 0.978102189781022, 0.985401459854015, 0.978102189781022, 
0.992753623188406, 0.992700729927007, 1, 0.992700729927007, 1, 
1, 0.992700729927007, 1, 1, 1, 1, 1, 1, 1, 1, 1, 1, 1, 1, 1, 
1), .Dim = c(10L, 26L), .Dimnames = list(NULL, c("overlapping.F1", 
"overlapping.F1v", "overlapping.F2", "overlapping.F3", "overlapping.F4", 
"neighborhood.N1", "neighborhood.N2", "neighborhood.N3", "neighborhood.N4", 
"neighborhood.T1", "neighborhood.LSCAvg", "linearity.L1", "linearity.L2", 
"linearity.L3", "dimensionality.T2", "dimensionality.T3", "dimensionality.T4", 
"balance.C1", "balance.C2", "network.Density", "network.ClsCoef", 
"network.Hubs", "ANN", "C4.5", "kNN", "SVM")))
