aux <-
structure(c(2.33541304931079, 25.8905339694085, 0.153858874373833, 
0.348637851954409, 0.658080564833103, 0.00502103032172127, 0.116087286649997, 
0.00145775234745635, 0.0545835602595817, 0.036119265874448, 0.0760971042507663, 
0.00518797181728427, 0.0150631565823923, 0.0655970183531388, 
308.7, 411.6, 0.75, 0.991128080076282, 1.02485276741169, 0.146381996352502, 
0.697364685425994, 0.329832462798187, 1, 0.982508198455517, 0.997810218978102, 
1), .Names = c("overlapping.F1", "overlapping.F1v", "overlapping.F2", 
"overlapping.F3", "overlapping.F4", "neighborhood.N1", "neighborhood.N2", 
"neighborhood.N3", "neighborhood.N4", "neighborhood.T1", "neighborhood.LSCAvg", 
"linearity.L1", "linearity.L2", "linearity.L3", "dimensionality.T2", 
"dimensionality.T3", "dimensionality.T4", "balance.C1", "balance.C2", 
"network.Density", "network.ClsCoef", "network.Hubs", "ANN", 
"C4.5", "kNN", "SVM"))
