aux <-
structure(c(0.245679252912365, 0.235111111111111, 0.335281535158347, 
0.335281535158347, 0.335853292676583, Inf, 0.371806427520483, 
0.374378440046848, 0.335281535158347, 0.360685451234267, 1.55975582615402, 
1.77716341528091, 1.87361080947407, 2.44405132518315, 2.14532688531291, 
2.2959915375049, 2.39592131317664, 2.45082045992595, 2.23133064422312, 
2.11034606326822, 1, 1, 1, 1, 1, 0, 1, 1, 1, 1, 0, 0, 0, 0, 0, 
0.0555555555555556, 0, 0, 0, 0, 0, 0, 0, 0, 0, 0.0555555555555556, 
0, 0, 0, 0, 0.471910112359551, 0.455555555555556, 0.444444444444444, 
0.4, 0.472527472527473, 0.466666666666667, 0.366666666666667, 
0.373626373626374, 0.455555555555556, 0.49438202247191, 0.182692307692308, 
0.202020202020202, 0.198019801980198, 0.116071428571429, 0.144329896907216, 
0.186274509803922, 0.188118811881188, 0.177570093457944, 0.2, 
0.257731958762887, 0.157303370786517, 0.122222222222222, 0.222222222222222, 
0.1, 0.131868131868132, 0.122222222222222, 0.155555555555556, 
0.142857142857143, 0.133333333333333, 0.123595505617978, 0.157303370786517, 
0.244444444444444, 0.166666666666667, 0.2, 0.197802197802198, 
0.144444444444444, 0.155555555555556, 0.197802197802198, 0.122222222222222, 
0.168539325842697, 0.561797752808989, 0.566666666666667, 0.533333333333333, 
0.522222222222222, 0.56043956043956, 0.544444444444444, 0.533333333333333, 
0.549450549450549, 0.522222222222222, 0.561797752808989, 0.0309304380760005, 
0.0277777777777778, 0.0283950617283951, 0.0298765432098765, 0.027774423378819, 
0.0314814814814815, 0.0334567901234568, 0.027774423378819, 0.031358024691358, 
0.0297942179017801, 0.247029676807017, 0.233226601417887, 0.233291925380612, 
0.195448193845928, 0.252678335078319, 0.233211203281606, 0.209045756009388, 
0.208727376202347, 0.222157269837676, 0.205198452260345, 0.247191011235955, 
0.233333333333333, 0.233333333333333, 0.211111111111111, 0.186813186813187, 
0.188888888888889, 0.222222222222222, 0.208791208791209, 0.222222222222222, 
0.235955056179775, 0.235955056179775, 0.266666666666667, 0.277777777777778, 
0.244444444444444, 0.208791208791209, 0.211111111111111, 0.211111111111111, 
0.252747252747253, 0.233333333333333, 0.179775280898876, 8.09090909090909, 
8.18181818181818, 8.18181818181818, 8.18181818181818, 8.27272727272727, 
8.18181818181818, 8.18181818181818, 8.27272727272727, 8.18181818181818, 
8.09090909090909, 9.88888888888889, 10, 10, 10, 10.1111111111111, 
11.25, 10, 10.1111111111111, 10, 11.125, 0.818181818181818, 0.818181818181818, 
0.818181818181818, 0.818181818181818, 0.818181818181818, 0.727272727272727, 
0.818181818181818, 0.818181818181818, 0.818181818181818, 0.727272727272727, 
0.898419774686072, 0.906781691329278, 0.906781691329278, 0.906781691329278, 
0.902941672037313, 0.906781691329278, 0.906781691329278, 0.902941672037313, 
0.906781691329278, 0.898419774686072, 1.31879391100703, 1.28942905596382, 
1.28942905596382, 1.28942905596382, 1.30283648498331, 1.28942905596382, 
1.28942905596382, 1.30283648498331, 1.28942905596382, 1.31879391100703, 
0.144024514811032, 0.139825218476904, 0.135580524344569, 0.145318352059925, 
0.143833943833944, 0.143820224719101, 0.1458177278402, 0.142857142857143, 
0.138826466916355, 0.139938712972421, 0.565747540529306, 0.574279690794097, 
0.550419502928605, 0.568097373478539, 0.573633272299241, 0.582857142857143, 
0.581113801452784, 0.566433566433566, 0.56374321880651, 0.570266272189349, 
0.294932824339662, 0.263215972375392, 0.26298666670634, 0.276505052019243, 
0.257033718877492, 0.257057262611965, 0.252182853159135, 0.242162471388109, 
0.271765645903104, 0.235183742014792, 0.909090909090909, 0.9, 
1, 0.7, 0.888888888888889, 0.8, 0.8, 0.777777777777778, 0.8, 
0.818181818181818, 0.636363636363636, 1, 0.9, 0.8, 0.555555555555556, 
0.6, 0.6, 0.666666666666667, 0.8, 0.636363636363636, 1, 0.9, 
0.8, 0.7, 0.777777777777778, 0.8, 0.7, 0.777777777777778, 0.9, 
0.818181818181818, 0.818181818181818, 0.8, 0.7, 0.7, 0.666666666666667, 
0.9, 0.6, 0.555555555555556, 0.7, 0.818181818181818), .Dim = c(10L, 
26L), .Dimnames = list(NULL, c("overlapping.F1", "overlapping.F1v", 
"overlapping.F2", "overlapping.F3", "overlapping.F4", "neighborhood.N1", 
"neighborhood.N2", "neighborhood.N3", "neighborhood.N4", "neighborhood.T1", 
"neighborhood.LSCAvg", "linearity.L1", "linearity.L2", "linearity.L3", 
"dimensionality.T2", "dimensionality.T3", "dimensionality.T4", 
"balance.C1", "balance.C2", "network.Density", "network.ClsCoef", 
"network.Hubs", "ANN", "C4.5", "kNN", "SVM")))
