aux <-
structure(c(Inf, 2.12843182795039, 0.9, 0.00555555555555556, 
0.00555555555555556, 0.44013348698742, 0.185282901107729, 0.141117970668532, 
0.175478042556694, 0.545570783773031, 0.0298619181747764, 0.224001479012113, 
0.218986157413124, 0.232171324306156, 8.18181818181818, 10.2486111111111, 
0.8, 0.904341304142244, 1.29798351277636, 0.141984282883159, 
0.569659138176914, 0.261302620939523, 0.839393939393939, 0.71949494949495, 
0.817373737373737, 0.725858585858586), .Names = c("overlapping.F1", 
"overlapping.F1v", "overlapping.F2", "overlapping.F3", "overlapping.F4", 
"neighborhood.N1", "neighborhood.N2", "neighborhood.N3", "neighborhood.N4", 
"neighborhood.T1", "neighborhood.LSCAvg", "linearity.L1", "linearity.L2", 
"linearity.L3", "dimensionality.T2", "dimensionality.T3", "dimensionality.T4", 
"balance.C1", "balance.C2", "network.Density", "network.ClsCoef", 
"network.Hubs", "ANN", "C4.5", "kNN", "SVM"))
