aux <-
structure(c(0.643217656059234, 0.818850227249393, 0.289889419470384, 
0.00950657184051216, 0.01426007821835, 0.475931543511713, 0.560914642024531, 
0.262327326599089, 0.291444261709604, 0.561789410099603, 0.00765779402817769, 
0.229530319627088, 0.235590231083637, 0.249404103156512, 168.3, 
673.2, 0.25, 0.791643364986301, 1.75727389124986, 0.123465581112538, 
0.632454763687535, 0.332311914787353, 0.783441441441441, 0.77809009009009, 
0.687261261261261, 0.774108108108108), .Names = c("overlapping.F1", 
"overlapping.F1v", "overlapping.F2", "overlapping.F3", "overlapping.F4", 
"neighborhood.N1", "neighborhood.N2", "neighborhood.N3", "neighborhood.N4", 
"neighborhood.T1", "neighborhood.LSCAvg", "linearity.L1", "linearity.L2", 
"linearity.L3", "dimensionality.T2", "dimensionality.T3", "dimensionality.T4", 
"balance.C1", "balance.C2", "network.Density", "network.ClsCoef", 
"network.Hubs", "ANN", "C4.5", "kNN", "SVM"))
