aux <-
structure(c(0.591097019707065, 0.623343453444846, 0.644180115353809, 
0.578116524051118, 0.682803848782892, 0.593039372200012, 0.614541135363926, 
0.763393364859401, 0.618791693043665, 0.722870033785602, 0.905155640871482, 
0.834878039316229, 0.747875815057821, 0.796221795156752, 0.936341365869333, 
0.797722754182742, 0.763000731033126, 0.802023338943444, 0.748915476127976, 
0.856367315935024, 0.500562265722616, 0.2705741976879, 0.239354097954681, 
0.2705741976879, 0.200333194502291, 0.2705741976879, 0.2705741976879, 
0.2705741976879, 0.335199450396854, 0.2705741976879, 0.00742942050520059, 
0.00891530460624071, 0.0104011887072808, 0.00891530460624071, 
0.0104011887072808, 0.00891530460624071, 0.0103857566765579, 
0.00891530460624071, 0.0103857566765579, 0.0104011887072808, 
0.011887072808321, 0.0133729569093611, 0.0148588410104012, 0.0133729569093611, 
0.0178306092124814, 0.0133729569093611, 0.0148367952522255, 0.0133729569093611, 
0.0148367952522255, 0.0148588410104012, 0.481426448736999, 0.488855869242199, 
0.442793462109955, 0.478454680534918, 0.465081723625557, 0.481426448736999, 
0.48813056379822, 0.481426448736999, 0.492581602373887, 0.459138187221397, 
0.579499127301924, 0.573869625792755, 0.56711417864541, 0.588837017193139, 
0.502713210699075, 0.547518200364275, 0.582423335321055, 0.528715908961125, 
0.573321329446369, 0.565134486520181, 0.264487369985141, 0.273402674591382, 
0.268945022288262, 0.270430906389302, 0.239227340267459, 0.24665676077266, 
0.27299703264095, 0.25408618127786, 0.264094955489614, 0.268945022288262, 
0.280832095096582, 0.301634472511144, 0.295690936106984, 0.2555720653789, 
0.294205052005944, 0.288261515601783, 0.29673590504451, 0.317979197622585, 
0.283382789317507, 0.300148588410104, 0.540861812778603, 0.563150074294205, 
0.561664190193165, 0.575037147102526, 0.537890044576523, 0.549777117384844, 
0.578635014836795, 0.555720653789004, 0.578635014836795, 0.576523031203566, 
0.00759059366920643, 0.00740071843489818, 0.00739188702865129, 
0.00716227046623201, 0.00912946620772792, 0.00912284265304275, 
0.00685046095325309, 0.00799021480187844, 0.0069803379443334, 
0.00695914812255342, 0.211633827975872, 0.23711529408264, 0.23769936255187, 
0.237577993669552, 0.206265637722352, 0.237513614712962, 0.238767612255082, 
0.237641806883706, 0.238849107090463, 0.212238939326384, 0.231797919762258, 
0.237741456166419, 0.237741456166419, 0.237741456166419, 0.227340267459138, 
0.237741456166419, 0.238872403560831, 0.237741456166419, 0.238872403560831, 
0.230312035661218, 0.24665676077266, 0.2555720653789, 0.2481426448737, 
0.2481426448737, 0.236255572065379, 0.257057949479941, 0.264094955489614, 
0.25111441307578, 0.246290801186944, 0.240713224368499, 168.25, 
168.25, 168.25, 168.25, 168.25, 168.25, 168.5, 168.25, 168.5, 
168.25, 673, 673, 673, 673, 673, 673, 674, 673, 674, 673, 0.25, 
0.25, 0.25, 0.25, 0.25, 0.25, 0.25, 0.25, 0.25, 0.25, 0.791264183186251, 
0.791264183186251, 0.791264183186251, 0.791264183186251, 0.791264183186251, 
0.791264183186251, 0.793160092186499, 0.791264183186251, 0.793160092186499, 
0.791264183186251, 1.75907041910331, 1.75907041910331, 1.75907041910331, 
1.75907041910331, 1.75907041910331, 1.75907041910331, 1.75008777983606, 
1.75907041910331, 1.75008777983606, 1.75907041910331, 0.123744074152692, 
0.123456626335527, 0.122819818863652, 0.123372603127432, 0.123859053279558, 
0.123107266680818, 0.123641430152424, 0.123222245807684, 0.124130845983924, 
0.123301846741668, 0.635558190413716, 0.630618263089079, 0.631373563055532, 
0.62817921647244, 0.636305628335948, 0.6337064860112, 0.629871416891708, 
0.632435665292341, 0.630845811071983, 0.635653396241405, 0.288096133981637, 
0.34594067880053, 0.36995889107672, 0.323716728803435, 0.311783582056815, 
0.350813791727555, 0.335545277995692, 0.346705037670875, 0.322824221332398, 
0.327734804427872, 0.76, 0.8, 0.76, 0.8, 0.733333333333333, 0.853333333333333, 
0.783783783783784, 0.813333333333333, 0.797297297297297, 0.733333333333333, 
0.733333333333333, 0.773333333333333, 0.786666666666667, 0.813333333333333, 
0.733333333333333, 0.826666666666667, 0.824324324324324, 0.8, 
0.743243243243243, 0.746666666666667, 0.6, 0.706666666666667, 
0.72, 0.746666666666667, 0.613333333333333, 0.666666666666667, 
0.756756756756757, 0.626666666666667, 0.689189189189189, 0.746666666666667, 
0.72, 0.786666666666667, 0.84, 0.76, 0.76, 0.76, 0.797297297297297, 
0.8, 0.783783783783784, 0.733333333333333), .Dim = c(10L, 26L
), .Dimnames = list(NULL, c("overlapping.F1", "overlapping.F1v", 
"overlapping.F2", "overlapping.F3", "overlapping.F4", "neighborhood.N1", 
"neighborhood.N2", "neighborhood.N3", "neighborhood.N4", "neighborhood.T1", 
"neighborhood.LSCAvg", "linearity.L1", "linearity.L2", "linearity.L3", 
"dimensionality.T2", "dimensionality.T3", "dimensionality.T4", 
"balance.C1", "balance.C2", "network.Density", "network.ClsCoef", 
"network.Hubs", "ANN", "C4.5", "kNN", "SVM")))
