aux <-
structure(c(5.09577270350307, 5.98943522608079, 0.119161992355112, 
0.36253708503466, 0.976167949283886, 0.769278025825146, 1.08268417371519, 
0.631020956234631, 0.25471364719102, 0.920365923582811, 0.0179366313889551, 
0.114161024993198, 0.120122434262139, 0.120207271377389, 10.6, 
10.7319444444445, 0.988888888888889, 0.991930691045896, 1.00706465280787, 
0.0502632950637886, 0.536597460810499, 0.115689338043522, 0.325505050505051, 
0.347878787878788, 0.370959595959596, 0.44989898989899), .Names = c("overlapping.F1", 
"overlapping.F1v", "overlapping.F2", "overlapping.F3", "overlapping.F4", 
"neighborhood.N1", "neighborhood.N2", "neighborhood.N3", "neighborhood.N4", 
"neighborhood.T1", "neighborhood.LSCAvg", "linearity.L1", "linearity.L2", 
"linearity.L3", "dimensionality.T2", "dimensionality.T3", "dimensionality.T4", 
"balance.C1", "balance.C2", "network.Density", "network.ClsCoef", 
"network.Hubs", "ANN", "C4.5", "kNN", "SVM"))
