aux <-
structure(c(4.2031069423914, 4.15568917225307, 4.23812073210512, 
4.03803134377428, 4.6824120369995, 6.65935726763558, 7.42411460964074, 
5.67518766902669, 5.35597488851286, 4.52573237269147, 5.51190065400173, 
6.25951817998881, 5.58863169631955, 5.2756546813255, 6.25047911658905, 
5.66394464835232, 6.09585907720998, 6.67240470532167, 6.77294391322909, 
5.80301558847018, 0.124491209871154, 0.127921727968509, 0.112482316948193, 
0.136572869416645, 0.112775747032528, 0.119436987334548, 0.111419775713389, 
0.102644948814612, 0.124440816478633, 0.119433523972905, 0.341586340749627, 
0.352640340575156, 0.358506009042155, 0.34245304132101, 0.367310314637496, 
0.381098890918625, 0.393239602781398, 0.378886611236008, 0.358178056448848, 
0.351471642636281, 0.965157962013946, 0.963930976430976, 0.956823974265747, 
0.96249496578097, 0.977418648997596, 0.993548387096774, 0.987221590669866, 
0.992977592977593, 0.975583721833722, 0.986521672771673, 0.8125, 
0.74468085106383, 0.776595744680851, 0.793814432989691, 0.747368421052632, 
0.747368421052632, 0.757894736842105, 0.762886597938144, 0.768421052631579, 
0.78125, 1.11379041940799, 1.07806725490609, 1.11313330962576, 
1.09761094936444, 1.03980840229999, 1.12148659050231, 1.05172745028243, 
1.07121423855033, 1.06050108231707, 1.07950203989553, 0.6875, 
0.627659574468085, 0.670212765957447, 0.649484536082474, 0.578947368421053, 
0.621052631578947, 0.610526315789474, 0.608247422680412, 0.631578947368421, 
0.625, 0.291666666666667, 0.234042553191489, 0.234042553191489, 
0.268041237113402, 0.252631578947368, 0.242105263157895, 0.263157894736842, 
0.206185567010309, 0.305263157894737, 0.25, 0.916666666666667, 
0.914893617021277, 0.936170212765957, 0.927835051546392, 0.91578947368421, 
0.91578947368421, 0.936842105263158, 0.907216494845361, 0.91578947368421, 
0.916666666666667, 0.0162760416666667, 0.0184472612041648, 0.0169760072430964, 
0.0166861515570199, 0.0192797783933518, 0.0177285318559557, 0.0193905817174515, 
0.018280369858646, 0.0186149584487535, 0.0176866319444444, 0.126845755072477, 
0.109470793653021, 0.115493013305405, 0.117809856871101, 0.102586124060931, 
0.106081347050053, 0.115695312730408, 0.108816059706377, 0.120842349852745, 
0.117969637629461, 0.129268634446964, 0.119278633216171, 0.124052030848764, 
0.127830247562003, 0.113111551982998, 0.128717396964551, 0.119135790921806, 
0.106270175827009, 0.121516543988654, 0.112043336862471, 0.128473333880704, 
0.0970054679250082, 0.11047120713863, 0.136267269683947, 0.116804948885872, 
0.13613723422547, 0.113563444686272, 0.130354126308018, 0.119944868006058, 
0.11305081303391, 10.6666666666667, 10.4444444444444, 10.4444444444444, 
10.7777777777778, 10.5555555555556, 10.5555555555556, 10.5555555555556, 
10.7777777777778, 10.5555555555556, 10.6666666666667, 10.6666666666667, 
10.4444444444444, 10.4444444444444, 10.7777777777778, 10.5555555555556, 
10.5555555555556, 10.5555555555556, 10.7777777777778, 11.875, 
10.6666666666667, 1, 1, 1, 1, 1, 1, 1, 1, 0.888888888888889, 
1, 0.992501346706741, 0.992630165522907, 0.992630165522907, 0.993176053235863, 
0.991253623377714, 0.991001285498052, 0.990581295887818, 0.991577984333435, 
0.991453643666786, 0.992501346706741, 1.00666755179028, 1.00648543842988, 
1.00648543842988, 1.00602025029409, 1.0074970975004, 1.00787969819581, 
1.00817767571263, 1.00717333498476, 1.00759249095069, 1.00666755179028, 
0.0478070175438597, 0.0505605124685427, 0.049645390070922, 0.0468213058419244, 
0.051959686450168, 0.0490481522956327, 0.0508398656215006, 0.0515463917525773, 
0.0535274356103023, 0.0508771929824561, 0.521619135234591, 0.572972972972973, 
0.519662921348315, 0.50974930362117, 0.56783103168156, 0.507410636442895, 
0.535532994923858, 0.546296296296296, 0.542701863354037, 0.542197452229299, 
0.114195352648892, 0.111925076506101, 0.11404137493513, 0.107262013828225, 
0.121037042032751, 0.121836186515902, 0.11858992443059, 0.111361027385906, 
0.118430960800359, 0.118214421351363, 0.6, 0.25, 0.5, 0.555555555555556, 
0.0909090909090909, 0.272727272727273, 0.181818181818182, 0.222222222222222, 
0.181818181818182, 0.4, 0.4, 0.416666666666667, 0.25, 0.444444444444444, 
0.272727272727273, 0.454545454545455, 0.454545454545455, 0.222222222222222, 
0.363636363636364, 0.2, 0.7, 0.25, 0.5, 0.444444444444444, 0.272727272727273, 
0.454545454545455, 0.363636363636364, 0.333333333333333, 0.0909090909090909, 
0.3, 0.7, 0.333333333333333, 0.5, 0.666666666666667, 0.363636363636364, 
0.545454545454545, 0.454545454545455, 0.444444444444444, 0.0909090909090909, 
0.4), .Dim = c(10L, 26L), .Dimnames = list(NULL, c("overlapping.F1", 
"overlapping.F1v", "overlapping.F2", "overlapping.F3", "overlapping.F4", 
"neighborhood.N1", "neighborhood.N2", "neighborhood.N3", "neighborhood.N4", 
"neighborhood.T1", "neighborhood.LSCAvg", "linearity.L1", "linearity.L2", 
"linearity.L3", "dimensionality.T2", "dimensionality.T3", "dimensionality.T4", 
"balance.C1", "balance.C2", "network.Density", "network.ClsCoef", 
"network.Hubs", "ANN", "C4.5", "kNN", "SVM")))
