aux <-
structure(c(Inf, 36.9512325535523, 0, 1, 1, 0.0103482722440356, 
0.219341472448103, 0.000470465409301281, 0, 0.15093600891961, 
0.0605434426556114, 0.000232104118070189, 0.000322220938137196, 
0.010306491118101, 54.6685714285714, 1913.4, 0.0285714285714286, 
0.877005858309296, 1.08282423406051, 0.121508627365999, 0.814563516946285, 
0.179016486100708, 1, 1, 0.996722267103542, 0.997659081495819
), .Names = c("overlapping.F1", "overlapping.F1v", "overlapping.F2", 
"overlapping.F3", "overlapping.F4", "neighborhood.N1", "neighborhood.N2", 
"neighborhood.N3", "neighborhood.N4", "neighborhood.T1", "neighborhood.LSCAvg", 
"linearity.L1", "linearity.L2", "linearity.L3", "dimensionality.T2", 
"dimensionality.T3", "dimensionality.T4", "balance.C1", "balance.C2", 
"network.Density", "network.ClsCoef", "network.Hubs", "ANN", 
"C4.5", "kNN", "SVM"))
