aux <-
structure(c(Inf, Inf, Inf, Inf, Inf, Inf, Inf, Inf, Inf, Inf, 
36.9020830047781, 36.6334382064996, 37.6144303477002, 36.3934114013792, 
38.0972698566335, 36.1661048392455, 36.2348072262069, 36.1317199385431, 
37.6459209786526, 37.6931397358845, 0, 0, 0, 0, 0, 0, 0, 0, 0, 
0, 1, 1, 1, 1, 1, 1, 1, 1, 1, 1, 1, 1, 1, 1, 1, 1, 1, 1, 1, 1, 
0.0104493207941484, 0.0104493207941484, 0.0115062761506276, 0.0104493207941484, 
0.0104493207941484, 0.0104602510460251, 0.00939947780678851, 
0.0104493207941484, 0.010465724751439, 0.00940438871473354, 0.217267136271236, 
0.220347010972956, 0.218169339258436, 0.221033442580075, 0.219480541972911, 
0.218705378637658, 0.220020276185783, 0.219032335645166, 0.218465726448393, 
0.220893536508419, 0.000522466039707419, 0.000522466039707419, 
0.00104602510460251, 0.000522466039707419, 0.000522466039707419, 
0.000523012552301255, 0, 0.000522466039707419, 0.000523286237571952, 
0, 0, 0, 0, 0, 0, 0, 0, 0, 0, 0, 0.150992685475444, 0.148380355276907, 
0.154811715481172, 0.151515151515152, 0.14576802507837, 0.157949790794979, 
0.148302872062663, 0.150470219435737, 0.145996860282575, 0.155172413793103, 
0.0600593001684776, 0.0603410059955298, 0.0605463621085065, 0.0598998852430914, 
0.0603019711764712, 0.0606672677299067, 0.0613292066889815, 0.0602550202052958, 
0.0615563699214742, 0.0604780373183789, 1.01385579164511e-05, 
1.15912279288048e-05, 0, 2.2744948497387e-05, 0, 0, 0.00152730953171614, 
0.000272011297708308, 0.000360578740418885, 0.000116666876515916, 
9.29800092979999e-05, 0.000104800348702789, 0, 4.2489908646696e-05, 
0, 0, 0.0017058479696677, 0.000340967759652881, 0.000676618426076731, 
0.00025850495932716, 0.0110789612504729, 0.00962030889524465, 
0.00925349184014487, 0.0110083502117232, 0.0126319977780622, 
0.0103226043192271, 0.00975614927585806, 0.0106635558336678, 
0.0115330248506382, 0.00719646692597142, 54.6857142857143, 54.6857142857143, 
54.6285714285714, 54.6857142857143, 54.6857142857143, 54.6285714285714, 
54.7142857142857, 54.6857142857143, 54.6, 54.6857142857143, 1914, 
1914, 1912, 1914, 1914, 1912, 1915, 1914, 1911, 1914, 0.0285714285714286, 
0.0285714285714286, 0.0285714285714286, 0.0285714285714286, 0.0285714285714286, 
0.0285714285714286, 0.0285714285714286, 0.0285714285714286, 0.0285714285714286, 
0.0285714285714286, 0.877074928976596, 0.877010791012577, 0.876764182871324, 
0.877226052339751, 0.877364334687147, 0.876409521084567, 0.877294487758135, 
0.877331156125109, 0.876508199261154, 0.877074928976596, 1.08277766651789, 
1.08297125196841, 1.08295792848339, 1.08264873869556, 1.08259895483865, 
1.08315062656079, 1.082611912131, 1.08263910362992, 1.08310849126165, 
1.08277766651789, 0.12142514970714, 0.121383090235047, 0.1215387023815, 
0.121482503532723, 0.121385275142688, 0.121300048825452, 0.121665016055941, 
0.121420233664948, 0.121908707099433, 0.121577547015116, 0.814644556842949, 
0.813797265709909, 0.815151147243422, 0.815140106586912, 0.814604760728869, 
0.81263164822441, 0.815545715885698, 0.814569398614113, 0.815319465195864, 
0.814231104430702, 0.178650655981899, 0.177975945400415, 0.178866344360562, 
0.177807773420534, 0.181171731706127, 0.179266801851684, 0.179314798949851, 
0.178535913026517, 0.180165214348135, 0.178409681961351, 1, 1, 
1, 1, 1, 1, 1, 1, 1, 1, 1, 1, 1, 1, 1, 1, 1, 1, 1, 1, 1, 0.990566037735849, 
0.995327102803738, 1, 0.995283018867924, 1, 1, 1, 0.986046511627907, 
1, 1, 0.995283018867924, 0.995327102803738, 1, 0.995283018867924, 
1, 1, 1, 0.990697674418605, 1), .Dim = c(10L, 26L), .Dimnames = list(
    NULL, c("overlapping.F1", "overlapping.F1v", "overlapping.F2", 
    "overlapping.F3", "overlapping.F4", "neighborhood.N1", "neighborhood.N2", 
    "neighborhood.N3", "neighborhood.N4", "neighborhood.T1", 
    "neighborhood.LSCAvg", "linearity.L1", "linearity.L2", "linearity.L3", 
    "dimensionality.T2", "dimensionality.T3", "dimensionality.T4", 
    "balance.C1", "balance.C2", "network.Density", "network.ClsCoef", 
    "network.Hubs", "ANN", "C4.5", "kNN", "SVM")))
