aux <-
structure(c(4.55380726080918, 3.4161735901967, 2.86876109056898, 
2.69340905744854, 2.99100916739684, 3.06707540816852, 3.00979031165482, 
3.13915712522926, 3.26221324961619, 3.03593739458438, 3.23206132542767, 
3.24011497947239, 2.87355955703041, 2.9171173760697, 2.99687396393434, 
2.95090981656723, 2.91825567915942, 2.99439326387407, 3.10915514387001, 
2.94422188922241, 0.116012968007872, 0.241876491797415, 0.339979803882662, 
0.348586797942788, 0.340561296856922, 0.31820864460239, 0.318847649712009, 
0.334774941151615, 0.33345116839759, 0.311702704448393, 0.482546201232033, 
0.203703703703704, 0.207818930041152, 0.199588477366255, 0.211934156378601, 
0.206185567010309, 0.199588477366255, 0.203285420944559, 0.210309278350515, 
0.222222222222222, 0.784394250513347, 0.823045267489712, 0.578189300411523, 
0.547325102880658, 0.57201646090535, 0.591752577319588, 0.574074074074074, 
0.570841889117043, 0.71340206185567, 0.637860082304527, 0.190965092402464, 
0.193415637860082, 0.193415637860082, 0.199588477366255, 0.199588477366255, 
0.197938144329897, 0.197530864197531, 0.188911704312115, 0.191752577319588, 
0.209876543209877, 0.804765538430472, 0.807146953429912, 0.812801811297169, 
0.814293484183461, 0.811323651391947, 0.810903641352233, 0.808549661612237, 
0.810315353850067, 0.800918625263813, 0.811166288397727, 0.135523613963039, 
0.1440329218107, 0.1440329218107, 0.139917695473251, 0.150205761316872, 
0.142268041237113, 0.148148148148148, 0.141683778234086, 0.138144329896907, 
0.152263374485597, 0.0246406570841889, 0.0288065843621399, 0.0205761316872428, 
0.0205761316872428, 0.01440329218107, 0.0123711340206186, 0.00823045267489712, 
0.0246406570841889, 0.0185567010309278, 0.0267489711934156, 0.848049281314168, 
0.843621399176955, 0.882716049382716, 0.88477366255144, 0.878600823045268, 
0.896907216494845, 0.893004115226337, 0.870636550308008, 0.876288659793814, 
0.893004115226337, 0.0476411335376883, 0.046245491032871, 0.0432860844383478, 
0.0434850717200969, 0.042583278294298, 0.0440046763736848, 0.044945723043574, 
0.0434626785119472, 0.0490381549580189, 0.0422022388186083, 0.0846156309306006, 
0.0614606641829709, 0.0843439321023424, 0.0843148761428768, 0.0863750063125395, 
0.0845198093325989, 0.0843405132804279, 0.0862065853597378, 0.0822114134800087, 
0.0863925932051208, 0.0862422997946611, 0.0679012345679012, 0.0843621399176955, 
0.0843621399176955, 0.0864197530864198, 0.0845360824742268, 0.0843621399176955, 
0.0862422997946611, 0.0845360824742268, 0.0864197530864198, 0.0759753593429158, 
0.0596707818930041, 0.0679012345679012, 0.11522633744856, 0.0843621399176955, 
0.0639175257731959, 0.0617283950617284, 0.0718685831622177, 0.103092783505155, 
0.0679012345679012, 24.35, 24.3, 24.3, 24.3, 24.3, 24.25, 24.3, 
24.35, 24.25, 24.3, 243.5, 243, 243, 243, 243, 242.5, 243, 243.5, 
242.5, 243, 0.1, 0.1, 0.1, 0.1, 0.1, 0.1, 0.1, 0.1, 0.1, 0.1, 
0.423801143269958, 0.417365978514701, 0.417365978514701, 0.417365978514701, 
0.424405144724804, 0.417964077592452, 0.417365978514701, 0.423801143269958, 
0.417964077592452, 0.424405144724804, 5.344810058855, 5.47289668402302, 
5.47289668402302, 5.47289668402302, 5.33301158301158, 5.46080531751263, 
5.47289668402302, 5.344810058855, 5.46080531751263, 5.33301158301158, 
0.160324824025486, 0.157617411225659, 0.157778626278054, 0.158533791523482, 
0.157388316151203, 0.158260202777541, 0.158559246531755, 0.159750213366458, 
0.158703246144671, 0.157091341054686, 0.323933473528833, 0.320287301283279, 
0.319855378202683, 0.320835844406168, 0.321783513244771, 0.321387149448325, 
0.321115885659081, 0.322287507306119, 0.322410728058485, 0.320876085190068, 
0.407283667908407, 0.425164280833417, 0.433268009223265, 0.44193274370968, 
0.446723583911867, 0.425688448216913, 0.422821462220582, 0.401781530682858, 
0.420952761822324, 0.410003399118744, 0.886792452830189, 0.87037037037037, 
0.925925925925926, 0.888888888888889, 0.814814814814815, 0.872727272727273, 
0.814814814814815, 0.886792452830189, 0.909090909090909, 0.907407407407407, 
0.849056603773585, 0.888888888888889, 0.962962962962963, 0.888888888888889, 
0.907407407407407, 0.909090909090909, 0.888888888888889, 0.792452830188679, 
0.909090909090909, 0.925925925925926, 0.924528301886792, 0.851851851851852, 
0.907407407407407, 0.888888888888889, 0.851851851851852, 0.836363636363636, 
0.796296296296296, 0.811320754716981, 0.872727272727273, 0.907407407407407, 
0.924528301886792, 0.907407407407407, 0.907407407407407, 0.907407407407407, 
0.925925925925926, 0.909090909090909, 0.907407407407407, 0.924528301886792, 
0.909090909090909, 0.925925925925926), .Dim = c(10L, 26L), .Dimnames = list(
    NULL, c("overlapping.F1", "overlapping.F1v", "overlapping.F2", 
    "overlapping.F3", "overlapping.F4", "neighborhood.N1", "neighborhood.N2", 
    "neighborhood.N3", "neighborhood.N4", "neighborhood.T1", 
    "neighborhood.LSCAvg", "linearity.L1", "linearity.L2", "linearity.L3", 
    "dimensionality.T2", "dimensionality.T3", "dimensionality.T4", 
    "balance.C1", "balance.C2", "network.Density", "network.ClsCoef", 
    "network.Hubs", "ANN", "C4.5", "kNN", "SVM")))
