aux <-
structure(c(3.20373336556734, 3.01766629946276, 0.300400246679966, 
0.234718243461561, 0.639290106687149, 0.196298315622415, 0.809218500920904, 
0.143622058637641, 0.0199550713005932, 0.876760187251989, 0.0446894530729135, 
0.0824781024329224, 0.0835383925031603, 0.0771644375240275, 24.3, 
243, 0.1, 0.420180464523323, 5.41688406548505, 0.158400721907899, 
0.321477286632781, 0.423561988764806, 0.877762530970078, 0.892265421510704, 
0.864864366939838, 0.914871990343688), .Names = c("overlapping.F1", 
"overlapping.F1v", "overlapping.F2", "overlapping.F3", "overlapping.F4", 
"neighborhood.N1", "neighborhood.N2", "neighborhood.N3", "neighborhood.N4", 
"neighborhood.T1", "neighborhood.LSCAvg", "linearity.L1", "linearity.L2", 
"linearity.L3", "dimensionality.T2", "dimensionality.T3", "dimensionality.T4", 
"balance.C1", "balance.C2", "network.Density", "network.ClsCoef", 
"network.Hubs", "ANN", "C4.5", "kNN", "SVM"))
