aux <-
structure(c(0.276658301030227, 0.5095226073652, 0.502149194903429, 
0.4994884022439, 0.525958940897313, 0.267659801980327, 0.205645623139982, 
0.333968069187458, 0.487390069661433, 0.729275725715397, 1.22028475738762, 
1.6177553137968, 1.14053600198582, 1.34772977629958, 1.33575477127403, 
1.13838690212985, 0.954821715307697, 1.51326041174754, 1.91916695003017, 
1.60523456104264, 0.383829787234043, 0.383829787234043, 0.244255319148936, 
0.383829787234043, 0.126382978723404, 0.383829787234043, 0.383829787234043, 
0.586666666666667, 0.294893617021277, 0.233457446808511, 0.0222222222222222, 
0.0222222222222222, 0.131868131868132, 0.0111111111111111, 0.48314606741573, 
0.0222222222222222, 0.0222222222222222, 0.0222222222222222, 0.144444444444444, 
0.266666666666667, 0.0555555555555556, 0.0555555555555556, 0.153846153846154, 
0.0333333333333333, 0.528089887640449, 0.0555555555555556, 0.0555555555555556, 
0.0333333333333333, 0.188888888888889, 0.322222222222222, 0.266666666666667, 
0.222222222222222, 0.241758241758242, 0.211111111111111, 0.224719101123595, 
0.244444444444444, 0.266666666666667, 0.2, 0.233333333333333, 
0.233333333333333, 0.562557040833877, 0.54690133873144, 0.535025960461953, 
0.520697731100577, 0.514623530966064, 0.554056452905119, 0.560716550536441, 
0.535018454577253, 0.524981049969772, 0.521785946529206, 0.177777777777778, 
0.133333333333333, 0.131868131868132, 0.122222222222222, 0.146067415730337, 
0.155555555555556, 0.166666666666667, 0.133333333333333, 0.122222222222222, 
0.144444444444444, 0.122222222222222, 0.1, 0.131868131868132, 
0.133333333333333, 0.0337078651685393, 0.111111111111111, 0.1, 
0.111111111111111, 0.0777777777777778, 0.122222222222222, 0.366666666666667, 
0.344444444444444, 0.340659340659341, 0.366666666666667, 0.303370786516854, 
0.288888888888889, 0.377777777777778, 0.333333333333333, 0.333333333333333, 
0.355555555555556, 0.0965432098765432, 0.110864197530864, 0.104093708489313, 
0.101358024691358, 0.100997348819593, 0.0959259259259259, 0.0930864197530864, 
0.108765432098765, 0.104938271604938, 0.110123456790123, 0.12221482185145, 
0.122211624571508, 0.120880616293749, 0.111106006887712, 0.112348822478426, 
0.122223406179432, 0.122224041909551, 0.12222272464153, 0.12201258699217, 
0.122201867189457, 0.122222222222222, 0.122222222222222, 0.120879120879121, 
0.111111111111111, 0.112359550561798, 0.122222222222222, 0.122222222222222, 
0.122222222222222, 0.122222222222222, 0.122222222222222, 0.111111111111111, 
0.0555555555555556, 0.0769230769230769, 0.0666666666666667, 0.134831460674157, 
0.133333333333333, 0.111111111111111, 0.122222222222222, 0.133333333333333, 
0.0777777777777777, 10, 10, 10.1111111111111, 10, 9.88888888888889, 
10, 10, 10, 10, 10, 15, 15, 15.1666666666667, 15, 14.8333333333333, 
15, 15, 15, 15, 15, 0.666666666666667, 0.666666666666667, 0.666666666666667, 
0.666666666666667, 0.666666666666667, 0.666666666666667, 0.666666666666667, 
0.666666666666667, 0.666666666666667, 0.666666666666667, 0.53571501954077, 
0.53571501954077, 0.531882602880023, 0.503258334775646, 0.506992306754434, 
0.53571501954077, 0.53571501954077, 0.53571501954077, 0.53571501954077, 
0.53571501954077, 3.66052934407365, 3.66052934407365, 3.70511363636364, 
4.0625, 4.01329113924051, 3.66052934407365, 3.66052934407365, 
3.66052934407365, 3.66052934407365, 3.66052934407365, 0.148314606741573, 
0.146566791510612, 0.144322344322344, 0.150561797752809, 0.149131767109295, 
0.1458177278402, 0.148314606741573, 0.147315855181024, 0.148813982521848, 
0.14856429463171, 0.477695610687023, 0.467852760736196, 0.475058217918863, 
0.484504736288153, 0.475770925110132, 0.474111425408929, 0.488413547237077, 
0.487828627069133, 0.501360141927853, 0.500299293666946, 0.413844754564139, 
0.505823191102679, 0.42407360286442, 0.47894476435928, 0.443592545325866, 
0.363995162650761, 0.436205545858084, 0.471792632093879, 0.415009798261515, 
0.427130497872897, 0.8, 0.9, 0.888888888888889, 0.9, 0.727272727272727, 
0.9, 1, 0.8, 0.8, 0.6, 0.9, 0.9, 0.888888888888889, 0.8, 0.818181818181818, 
0.9, 0.9, 0.9, 0.9, 0.8, 1, 0.9, 0.777777777777778, 0.7, 0.636363636363636, 
1, 1, 0.8, 0.8, 0.7, 0.9, 0.9, 0.888888888888889, 0.8, 0.818181818181818, 
0.9, 0.9, 0.9, 0.9, 0.9), .Dim = c(10L, 26L), .Dimnames = list(
    NULL, c("overlapping.F1", "overlapping.F1v", "overlapping.F2", 
    "overlapping.F3", "overlapping.F4", "neighborhood.N1", "neighborhood.N2", 
    "neighborhood.N3", "neighborhood.N4", "neighborhood.T1", 
    "neighborhood.LSCAvg", "linearity.L1", "linearity.L2", "linearity.L3", 
    "dimensionality.T2", "dimensionality.T3", "dimensionality.T4", 
    "balance.C1", "balance.C2", "network.Density", "network.ClsCoef", 
    "network.Hubs", "ANN", "C4.5", "kNN", "SVM")))
