aux <-
structure(c(0.433771673612467, 1.37929311610017, 0.340480496453901, 
0.11483475326172, 0.14819360414866, 0.234425512065961, 0.53763640566117, 
0.143349110315402, 0.104335377481445, 0.341069679384286, 0.102669599558051, 
0.119964651899498, 0.119990533810758, 0.102286564870834, 10, 
15, 0.666666666666667, 0.529213838119549, 3.74046101841197, 0.147772377435299, 
0.48328952860503, 0.438041249495352, 0.831616161616162, 0.870707070707071, 
0.831414141414141, 0.880707070707071), .Names = c("overlapping.F1", 
"overlapping.F1v", "overlapping.F2", "overlapping.F3", "overlapping.F4", 
"neighborhood.N1", "neighborhood.N2", "neighborhood.N3", "neighborhood.N4", 
"neighborhood.T1", "neighborhood.LSCAvg", "linearity.L1", "linearity.L2", 
"linearity.L3", "dimensionality.T2", "dimensionality.T3", "dimensionality.T4", 
"balance.C1", "balance.C2", "network.Density", "network.ClsCoef", 
"network.Hubs", "ANN", "C4.5", "kNN", "SVM"))
