aux <-
structure(c(1.21013436264678, 1.29509081197512, 6.42408847677878e-06, 
0.0222631620355239, 0.176693908290529, 0.614761503936253, 0.858282158258809, 
0.401510901475112, 0.640768269410251, 0.623460794783245, 0.000822718551022697, 
0.206683528213826, 0.24641176863789, 0.282325106765929, 107.964705882353, 
250.281818181818, 0.431372549019608, 0.889764100653171, 1.15373294622081, 
0.0565549078386764, 0.685663858567411, 0.152719002027279, 0.508992613914284, 
0.565544261041304, 0.586295731473526, 0.534814230488929), .Names = c("overlapping.F1", 
"overlapping.F1v", "overlapping.F2", "overlapping.F3", "overlapping.F4", 
"neighborhood.N1", "neighborhood.N2", "neighborhood.N3", "neighborhood.N4", 
"neighborhood.T1", "neighborhood.LSCAvg", "linearity.L1", "linearity.L2", 
"linearity.L3", "dimensionality.T2", "dimensionality.T3", "dimensionality.T4", 
"balance.C1", "balance.C2", "network.Density", "network.ClsCoef", 
"network.Hubs", "ANN", "C4.5", "kNN", "SVM"))
