aux <-
structure(c(0.9086995068265, 1.09933202999477, 1.01814009957317, 
1.04361816157711, 1.30061754992991, 1.18592845688206, 1.7911603241938, 
1.61483811611247, 1.09635697312833, 1.04265240824969, 1.28353467298065, 
1.28449797356979, 1.2783786589969, 1.30432707326109, 1.30347531065122, 
1.29228873679102, 1.312543655409, 1.32465048226182, 1.28666391583081, 
1.28054763999887, 6.14197594159099e-06, 5.34750577439374e-06, 
8.19108040965677e-06, 5.80757461752271e-06, 5.4923692502423e-06, 
8.29370131781695e-06, 3.48580732805348e-06, 3.52604821510379e-06, 
6.35140232722349e-06, 1.16034195861836e-05, 0.0210195838108228, 
0.0213658728886842, 0.0211941047101523, 0.0222503965132267, 0.0222777896430834, 
0.023186912972771, 0.0212741257690725, 0.0261826779811607, 0.0223660981416242, 
0.0215140579246414, 0.172786283429658, 0.171809622891, 0.173506662429061, 
0.182614272051204, 0.178644073096997, 0.18264907692652, 0.175773229428088, 
0.183432866255615, 0.170511591132639, 0.17521140526451, 0.61859789320741, 
0.618822674418605, 0.618416273156556, 0.609990917347866, 0.61405739193607, 
0.611766842200835, 0.609990917347866, 0.614490648265843, 0.616194625998548, 
0.615286855482934, 0.857790445712824, 0.849488231920658, 0.871115650707887, 
0.857886914642896, 0.857795632228905, 0.852582815567079, 0.857609286439625, 
0.857988643570257, 0.868438902813266, 0.852125058984691, 0.399382491827098, 
0.401889534883721, 0.404104613149292, 0.399636693914623, 0.398837631674537, 
0.401489013982204, 0.401816530426885, 0.402396949337207, 0.402323892519971, 
0.403231663035585, 0.633127497275699, 0.636446220930233, 0.651834362513621, 
0.636148955495004, 0.649110061750817, 0.640457599418921, 0.637783832879201, 
0.64009442527692, 0.641793754538853, 0.640885984023239, 0.622411914275336, 
0.627180232558139, 0.628950236106066, 0.62016348773842, 0.621867054122775, 
0.625749046667877, 0.620345140781108, 0.618122389685854, 0.624183006535948, 
0.62563543936093, 0.000801028208305334, 0.000867068928728367, 
0.000794200138830815, 0.000855963656192331, 0.000818873549299123, 
0.000881160577146824, 0.00081045965149344, 0.000794109575250793, 
0.000802819850337187, 0.000801501374642759, 0.211002306644031, 
0.205820170090103, 0.207046808621857, 0.207131011247112, 0.207936651435383, 
0.207694923280962, 0.205077009556048, 0.20251250813281, 0.20584061519981, 
0.206773277930146, 0.246396932754945, 0.247677500443607, 0.248202557103093, 
0.245984492458328, 0.245972393132492, 0.243817124080806, 0.246750572997357, 
0.244952831100615, 0.245470942669779, 0.248892339637876, 0.284189021145483, 
0.277161547905445, 0.282339647769555, 0.284734602462806, 0.281486650658908, 
0.280159888401338, 0.282241216414226, 0.27972880979017, 0.286359481022637, 
0.284850202088721, 107.960784313725, 107.921568627451, 107.960784313725, 
107.941176470588, 107.960784313725, 107.980392156863, 107.941176470588, 
107.980392156863, 108, 108, 250.272727272727, 250.181818181818, 
250.272727272727, 250.227272727273, 250.272727272727, 250.318181818182, 
250.227272727273, 250.318181818182, 250.363636363636, 250.363636363636, 
0.431372549019608, 0.431372549019608, 0.431372549019608, 0.431372549019608, 
0.431372549019608, 0.431372549019608, 0.431372549019608, 0.431372549019608, 
0.431372549019608, 0.431372549019608, 0.889860038304541, 0.889695129425656, 
0.889691881831229, 0.889766029556079, 0.889835833374485, 0.889705209601564, 
0.889622051863588, 0.889768561780842, 0.889857894197762, 0.88983837659596, 
1.15359017670148, 1.15382845704218, 1.15385755712025, 1.15371335685159, 
1.15359879267433, 1.1537792634005, 1.15397227682324, 1.15374264796116, 
1.15361884340894, 1.15362809022445, 0.0567254350220864, 0.0565314004200669, 
0.0566246779584521, 0.0562179202838857, 0.0566907935954931, 0.0565479816296942, 
0.0568682936231333, 0.0571241396628179, 0.0567915212948094, 0.0554269148963246, 
0.683991728729279, 0.682369973515956, 0.681584791969093, 0.689605410724894, 
0.682224789414424, 0.682889063406946, 0.683956520943708, 0.686293342259856, 
0.684502710292505, 0.699220254417445, 0.153853559439931, 0.153722587556247, 
0.152989850543169, 0.152157372893029, 0.15446612878625, 0.154714419610297, 
0.155181465847468, 0.155332111515762, 0.154693233794186, 0.140079290286447, 
0.504901960784314, 0.537459283387622, 0.52124183006536, 0.494290375203915, 
0.508169934640523, 0.490998363338789, 0.481239804241436, 0.509001636661211, 
0.518032786885246, 0.524590163934426, 0.565359477124183, 0.584690553745928, 
0.566993464052288, 0.549755301794454, 0.573529411764706, 0.5810147299509, 
0.548123980424144, 0.554828150572831, 0.577049180327869, 0.554098360655738, 
0.581699346405229, 0.610749185667752, 0.589869281045752, 0.598694942903752, 
0.560457516339869, 0.574468085106383, 0.572593800978793, 0.600654664484452, 
0.59672131147541, 0.577049180327869, 0.547385620915033, 0.550488599348534, 
0.531045751633987, 0.531810766721044, 0.531045751633987, 0.546644844517185, 
0.517128874388255, 0.518821603927987, 0.527868852459016, 0.545901639344262
), .Dim = c(10L, 26L), .Dimnames = list(NULL, c("overlapping.F1", 
"overlapping.F1v", "overlapping.F2", "overlapping.F3", "overlapping.F4", 
"neighborhood.N1", "neighborhood.N2", "neighborhood.N3", "neighborhood.N4", 
"neighborhood.T1", "neighborhood.LSCAvg", "linearity.L1", "linearity.L2", 
"linearity.L3", "dimensionality.T2", "dimensionality.T3", "dimensionality.T4", 
"balance.C1", "balance.C2", "network.Density", "network.ClsCoef", 
"network.Hubs", "ANN", "C4.5", "kNN", "SVM")))
