aux <-
structure(c(0.000388919074279704, 0.00514834223155712, 0.00357716841679522, 
0.00343912764432437, 0.000587562303467059, 0.00351792342926814, 
0.00576557747741018, 0.00093623675687933, 0.00355318842011859, 
0.00380361265506868, 0.875156380129738, 0.912528125413182, 0.956900649116163, 
0.90149634240691, 0.907902146851908, 0.919059773154752, 0.888531752730381, 
0.899785669901177, 0.909724809500631, 0.913829146560164, 0.00103205235455178, 
0.000952890423697916, 0.000893617768348287, 0.00103205235455178, 
0.0028801453522291, 0.000391626499957371, 0.00103205235455178, 
0.00162778541047518, 0.0010320618822668, 0.000124204548112953, 
0.0073327222731439, 0.0073394495412844, 0.0055045871559633, 0.0073327222731439, 
0.00641613198900092, 0.0073327222731439, 0.0073327222731439, 
0.00641025641025641, 0.0055045871559633, 0.00824931255728689, 
0.781851512373969, 0.83302752293578, 0.813761467889908, 0.773602199816682, 
0.77910174152154, 0.832263978001833, 0.821264894592117, 0.842490842490842, 
0.801834862385321, 0.800183318056829, 0.571952337305225, 0.565137614678899, 
0.585321100917431, 0.573785517873511, 0.58295142071494, 0.563703024747938, 
0.582034830430797, 0.564102564102564, 0.56697247706422, 0.565536205316224, 
0.967555586747158, 0.966771469535694, 0.983548164652706, 0.970499508583799, 
0.974759486330414, 0.956016455118806, 0.958147083432831, 0.949547541129382, 
0.964763487362386, 0.95855255039102, 0.406966086159487, 0.402752293577982, 
0.410091743119266, 0.414298808432631, 0.412465627864345, 0.394133822181485, 
0.425297891842346, 0.398351648351648, 0.398165137614679, 0.406049495875344, 
0.468377635197067, 0.469724770642202, 0.487155963302752, 0.434463794683776, 
0.461961503208066, 0.459211732355637, 0.439046746104491, 0.468864468864469, 
0.465137614678899, 0.495875343721357, 0.966086159486709, 0.965137614678899, 
0.972477064220184, 0.970669110907424, 0.970669110907424, 0.967919340054995, 
0.970669110907424, 0.971611721611722, 0.96605504587156, 0.967002749770852, 
0.00196592233262566, 0.00196784782425722, 0.00193081390455349, 
0.00191551406768654, 0.00191635420543552, 0.00197600398561348, 
0.00191131337894161, 0.00193548819922446, 0.00196953118424375, 
0.00193651751141117, 0.0324183677655757, 0.227980611659835, 0.143477027241591, 
0.196223512997184, 0.1307385308613, 0.173721108205828, 0.26890997667228, 
0.123019502813015, 0.192932499985554, 0.191121598477286, 0.341888175985335, 
0.397247706422018, 0.385321100917431, 0.393217231897342, 0.387717690192484, 
0.38955087076077, 0.394133822181485, 0.385531135531135, 0.388990825688073, 
0.38955087076077, 0.415215398716774, 0.468807339449541, 0.442201834862385, 
0.438130155820348, 0.425297891842346, 0.440879926672777, 0.439046746104491, 
0.453296703296703, 0.444036697247706, 0.454628780934922, 10.91, 
10.9, 10.9, 10.91, 10.91, 10.91, 10.91, 10.92, 10.9, 10.91, 1091, 
1090, 1090, 1091, 1091, 1091, 1091, 1092, 1090, 1091, 0.01, 0.01, 
0.01, 0.01, 0.01, 0.01, 0.01, 0.01, 0.01, 0.01, 0.999999393968633, 
1, 1, 0.999999393968633, 0.999999393968633, 0.999999393968633, 
0.999999393968633, 1, 1, 0.999999393968633, 1.00000168027691, 
1, 1, 1.00000168027691, 1.00000168027691, 1.00000168027691, 1.00000168027691, 
1, 1, 1.00000168027691, 0.100814840353518, 0.101119619885258, 
0.100663010421142, 0.100870340315677, 0.100663476820357, 0.100552476896038, 
0.100873703949747, 0.10026255443304, 0.100994936858156, 0.100604613224127, 
0.772048600789443, 0.772213889311151, 0.772281388097453, 0.772365511616503, 
0.771865232755046, 0.772791879186829, 0.773364324530896, 0.772489409760304, 
0.773497876676202, 0.772450404381097, 0.190858882587736, 0.197632432471161, 
0.204072216427993, 0.195616847414085, 0.199985874813606, 0.200100756897425, 
0.218120718171233, 0.210118228931648, 0.209562172243286, 0.202207161280863, 
0.512396694214876, 0.557377049180328, 0.532786885245902, 0.586776859504132, 
0.520661157024793, 0.603305785123967, 0.570247933884298, 0.575, 
0.508196721311475, 0.56198347107438, 0.495867768595041, 0.5, 
0.5, 0.495867768595041, 0.495867768595041, 0.495867768595041, 
0.495867768595041, 0.5, 0.5, 0.495867768595041, 0.586776859504132, 
0.573770491803279, 0.598360655737705, 0.661157024793388, 0.578512396694215, 
0.586776859504132, 0.59504132231405, 0.625, 0.540983606557377, 
0.586776859504132, 0.578512396694215, 0.467213114754098, 0.549180327868853, 
0.504132231404959, 0.43801652892562, 0.537190082644628, 0.454545454545455, 
0.541666666666667, 0.508196721311475, 0.512396694214876), .Dim = c(10L, 
26L), .Dimnames = list(NULL, c("overlapping.F1", "overlapping.F1v", 
"overlapping.F2", "overlapping.F3", "overlapping.F4", "neighborhood.N1", 
"neighborhood.N2", "neighborhood.N3", "neighborhood.N4", "neighborhood.T1", 
"neighborhood.LSCAvg", "linearity.L1", "linearity.L2", "linearity.L3", 
"dimensionality.T2", "dimensionality.T3", "dimensionality.T4", 
"balance.C1", "balance.C2", "network.Density", "network.ClsCoef", 
"network.Hubs", "ANN", "C4.5", "kNN", "SVM")))
