aux <-
structure(c(0.00307176584091684, 0.908491479576501, 0.00109984889487429, 
0.00687552139023308, 0.807938234006482, 0.572149709315175, 0.96501613332842, 
0.406857255501921, 0.464981957275872, 0.968829702841719, 0.00194253065939929, 
0.168054273667945, 0.385314943033684, 0.442154147494799, 10.908, 
1090.8, 0.01, 0.99999963638118, 1.00000100816615, 0.100741957315706, 
0.772536851710492, 0.202827529123904, 0.552873255656415, 0.497520661157025, 
0.593315607641241, 0.509105021903085), .Names = c("overlapping.F1", 
"overlapping.F1v", "overlapping.F2", "overlapping.F3", "overlapping.F4", 
"neighborhood.N1", "neighborhood.N2", "neighborhood.N3", "neighborhood.N4", 
"neighborhood.T1", "neighborhood.LSCAvg", "linearity.L1", "linearity.L2", 
"linearity.L3", "dimensionality.T2", "dimensionality.T3", "dimensionality.T4", 
"balance.C1", "balance.C2", "network.Density", "network.ClsCoef", 
"network.Hubs", "ANN", "C4.5", "kNN", "SVM"))
