aux <-
structure(c(4.77605333090447, 0.673866323765983, 2.07388351001205e-05, 
0.112258971158777, 0.237664462145117, 0.517431509869208, 0.717818887716113, 
0.340760224073375, 0.286059678264247, 0.62208012986636, 0.00961295042071011, 
0.286388855382585, 0.28644898156633, 0.291010624549939, 47.7, 
201.166666666667, 0.245454545454546, 0.864088675374852, 1.44623997591812, 
0.122788409221705, 0.594685172994522, 0.278132422781439, 0.696544033959826, 
0.67746367672542, 0.675941021460724, 0.708441764844607), .Names = c("overlapping.F1", 
"overlapping.F1v", "overlapping.F2", "overlapping.F3", "overlapping.F4", 
"neighborhood.N1", "neighborhood.N2", "neighborhood.N3", "neighborhood.N4", 
"neighborhood.T1", "neighborhood.LSCAvg", "linearity.L1", "linearity.L2", 
"linearity.L3", "dimensionality.T2", "dimensionality.T3", "dimensionality.T4", 
"balance.C1", "balance.C2", "network.Density", "network.ClsCoef", 
"network.Hubs", "ANN", "C4.5", "kNN", "SVM"))
