aux <-
structure(c(4.59048106912543, 4.12647728627823, 4.37648370417699, 
4.54614096765217, 5.63891416287467, 3.83790337859907, 5.03606162801434, 
4.6561549936574, 5.87897843742526, 5.07293768124113, 0.666412463281882, 
0.677306520648357, 0.710969164500739, 0.679278081412581, 0.616850346019465, 
0.655351671661697, 0.63989457552864, 0.643302155936024, 0.717176717603461, 
0.732121541066984, 2.13751029213527e-05, 2.01977334652798e-05, 
3.23603519379202e-05, 1.69372244100624e-05, 7.03632628146444e-06, 
2.19700044312475e-05, 2.40058214366592e-05, 3.16118570063183e-05, 
1.24866928077038e-05, 1.94072363031964e-05, 0.116190476190476, 
0.108571428571429, 0.116412213740458, 0.112595419847328, 0.112595419847328, 
0.108571428571429, 0.112595419847328, 0.0988593155893536, 0.115969581749049, 
0.120229007633588, 0.238095238095238, 0.232380952380952, 0.25, 
0.244274809160305, 0.255725190839695, 0.232380952380952, 0.227099236641221, 
0.218631178707224, 0.249049429657795, 0.229007633587786, 0.533333333333333, 
0.508571428571429, 0.505725190839695, 0.520992366412214, 0.519083969465649, 
0.533333333333333, 0.513358778625954, 0.519011406844107, 0.522813688212928, 
0.498091603053435, 0.713575300786502, 0.729900055772893, 0.686231479252576, 
0.720034527128978, 0.728521733986127, 0.73270037301627, 0.715994376045624, 
0.72153167528602, 0.720894023182589, 0.708805332703553, 0.356190476190476, 
0.335238095238095, 0.312977099236641, 0.347328244274809, 0.345419847328244, 
0.348571428571429, 0.354961832061069, 0.334600760456274, 0.35361216730038, 
0.318702290076336, 0.28952380952381, 0.306666666666667, 0.299618320610687, 
0.269083969465649, 0.267175572519084, 0.276190476190476, 0.301526717557252, 
0.302281368821293, 0.285171102661597, 0.263358778625954, 0.622857142857143, 
0.615238095238095, 0.627862595419847, 0.618320610687023, 0.646946564885496, 
0.624761904761905, 0.625954198473282, 0.612167300380228, 0.606463878326996, 
0.620229007633588, 0.0094875283446712, 0.00908480725623583, 0.0102412446827108, 
0.00941815745003205, 0.00917414486335295, 0.0091609977324263, 
0.00994624439135249, 0.00929968627564371, 0.00977316427879541, 
0.0105435289318804, 0.285667476979901, 0.287547731897103, 0.286199367924496, 
0.286216269462234, 0.286182694074205, 0.285689252074269, 0.286200036686122, 
0.287020156386443, 0.286953541881298, 0.286212026459782, 0.285714285714286, 
0.287619047619048, 0.286259541984733, 0.286259541984733, 0.286259541984733, 
0.285714285714286, 0.286259541984733, 0.287072243346008, 0.287072243346008, 
0.286259541984733, 0.291428571428571, 0.283809523809524, 0.284351145038168, 
0.305343511450382, 0.274809160305344, 0.300952380952381, 0.284351145038168, 
0.300380228136882, 0.313688212927757, 0.270992366412214, 47.7272727272727, 
47.7272727272727, 47.6363636363636, 47.6363636363636, 47.6363636363636, 
47.7272727272727, 47.6363636363636, 47.8181818181818, 47.8181818181818, 
47.6363636363636, 175, 175, 174.666666666667, 174.666666666667, 
262, 175, 174.666666666667, 263, 263, 174.666666666667, 0.272727272727273, 
0.272727272727273, 0.272727272727273, 0.272727272727273, 0.181818181818182, 
0.272727272727273, 0.272727272727273, 0.181818181818182, 0.181818181818182, 
0.272727272727273, 0.863120568566631, 0.865625719913365, 0.863840307697072, 
0.863840307697072, 0.863840307697072, 0.863120568566631, 0.863840307697072, 
0.864909179108266, 0.864909179108266, 0.863840307697072, 1.45, 
1.4402822537805, 1.44720142602496, 1.44720142602496, 1.44720142602496, 
1.45, 1.44720142602496, 1.44305518763797, 1.44305518763797, 1.44720142602496, 
0.123017084696474, 0.122791712104689, 0.12348751331864, 0.122640958650183, 
0.122392830557704, 0.122319156670302, 0.122772320581495, 0.122882491399602, 
0.122165489770053, 0.123414534467911, 0.593397656308796, 0.598003039550243, 
0.592622301942812, 0.594774615266512, 0.598951839200033, 0.597054923353748, 
0.593793278327189, 0.595333565017316, 0.594196748442526, 0.588723762536045, 
0.282232424522931, 0.266055188775035, 0.288933352806673, 0.284001192400038, 
0.26908091398484, 0.276966382692406, 0.280542669046106, 0.273331776729964, 
0.276545180865064, 0.283635145991334, 0.793103448275862, 0.655172413793103, 
0.627118644067797, 0.644067796610169, 0.711864406779661, 0.775862068965517, 
0.711864406779661, 0.719298245614035, 0.649122807017544, 0.677966101694915, 
0.586206896551724, 0.603448275862069, 0.728813559322034, 0.677966101694915, 
0.728813559322034, 0.706896551724138, 0.677966101694915, 0.789473684210526, 
0.614035087719298, 0.661016949152542, 0.724137931034483, 0.672413793103448, 
0.593220338983051, 0.694915254237288, 0.728813559322034, 0.706896551724138, 
0.661016949152542, 0.666666666666667, 0.684210526315789, 0.627118644067797, 
0.706896551724138, 0.689655172413793, 0.694915254237288, 0.711864406779661, 
0.711864406779661, 0.706896551724138, 0.711864406779661, 0.719298245614035, 
0.719298245614035, 0.711864406779661), .Dim = c(10L, 26L), .Dimnames = list(
    NULL, c("overlapping.F1", "overlapping.F1v", "overlapping.F2", 
    "overlapping.F3", "overlapping.F4", "neighborhood.N1", "neighborhood.N2", 
    "neighborhood.N3", "neighborhood.N4", "neighborhood.T1", 
    "neighborhood.LSCAvg", "linearity.L1", "linearity.L2", "linearity.L3", 
    "dimensionality.T2", "dimensionality.T3", "dimensionality.T4", 
    "balance.C1", "balance.C2", "network.Density", "network.ClsCoef", 
    "network.Hubs", "ANN", "C4.5", "kNN", "SVM")))
