aux <-
structure(c(Inf, Inf, Inf, Inf, Inf, Inf, Inf, Inf, Inf, Inf, 
0.385171131044844, 0.44564169315731, 0.365997575124881, 0.248962949367802, 
0.368413709002217, 0.348888710631486, 0.383063934023682, 0.471378524565528, 
0.382193951147103, 0.643114997219085, 0, 0, 0, 0, 0, 0, 0, 0, 
0, 0, 0.292035398230089, 0.315789473684211, 0.300884955752212, 
0.289473684210526, 0.3125, 0.412280701754386, 0.309734513274336, 
0.289473684210526, 0.336283185840708, 0.315789473684211, 1, 1, 
1, 1, 1, 1, 1, 1, 1, 1, 0.424778761061947, 0.421052631578947, 
0.433628318584071, 0.43859649122807, 0.410714285714286, 0.447368421052632, 
0.451327433628319, 0.403508771929825, 0.415929203539823, 0.368421052631579, 
0.887599420415365, 0.862467705659173, 0.865814918281552, 0.886601711408781, 
0.84734661970446, 0.85540867004326, 0.850635392017658, 0.862205084402274, 
0.851731038144538, 0.849744314203113, 0.274336283185841, 0.263157894736842, 
0.274336283185841, 0.298245614035088, 0.267857142857143, 0.271929824561404, 
0.274336283185841, 0.271929824561404, 0.292035398230089, 0.228070175438596, 
0.0442477876106195, 0.0701754385964912, 0.106194690265487, 0.0350877192982456, 
0.0357142857142857, 0.0350877192982456, 0.0265486725663717, 0.0350877192982456, 
0.0176991150442478, 0.0350877192982456, 0.902654867256637, 0.894736842105263, 
0.893805309734513, 0.93859649122807, 0.866071428571429, 0.868421052631579, 
0.876106194690266, 0.885964912280702, 0.884955752212389, 0.824561403508772, 
0.0342235100634349, 0.0349338257925516, 0.0349283420784713, 0.0318559556786704, 
0.0392219387755102, 0.0382425361649738, 0.0366512647818936, 0.0359341335795629, 
0.0408802568721121, 0.0399353647276085, 0, 0, 0, 0, 0, 0, 0, 
0, 0, 0, 0, 0, 0, 0, 0, 0, 0, 0, 0, 0, 0.0265486725663717, 0, 
0, 0.0350877192982456, 0.0089285714285714, 0, 0.0176991150442478, 
0.00877192982456143, 0, 0.00877192982456143, 0.368078175895765, 
0.371335504885993, 0.368078175895765, 0.371335504885993, 0.364820846905537, 
0.371335504885993, 0.368078175895765, 0.371335504885993, 0.368078175895765, 
0.371335504885993, 113, 114, 113, 114, 112, 114, 113, 114, 113, 
114, 0.00325732899022801, 0.00325732899022801, 0.00325732899022801, 
0.00325732899022801, 0.00325732899022801, 0.00325732899022801, 
0.00325732899022801, 0.00325732899022801, 0.00325732899022801, 
0.00325732899022801, 0.921217481901495, 0.918295834054489, 0.912282807105598, 
0.918295834054489, 0.915290847812406, 0.918295834054489, 0.921217481901495, 
0.918295834054489, 0.921217481901495, 0.918295834054489, 1.24017543859649, 
1.25, 1.27044807965861, 1.25, 1.26018018018018, 1.25, 1.24017543859649, 
1.25, 1.24017543859649, 1.25, 0.122155499367889, 0.131190808880609, 
0.123419721871049, 0.131501319670859, 0.128378378378378, 0.135848470734358, 
0.126896333754741, 0.132122341251358, 0.125474083438685, 0.137866790870983, 
0.609375, 0.607580220120912, 0.601570964247021, 0.611119763276748, 
0.62309849579332, 0.604959756362845, 0.608567719601904, 0.60444041685546, 
0.611949464818389, 0.626415359729939, 0.236553034624131, 0.261996530909375, 
0.255592013413626, 0.30743031098766, 0.269425486160757, 0.397917852377531, 
0.224410513210007, 0.283251665537945, 0.230473208120648, 0.240505936423787, 
0.923076923076923, 0.916666666666667, 0.923076923076923, 0.916666666666667, 
0.857142857142857, 0.833333333333333, 0.692307692307692, 0.916666666666667, 
0.923076923076923, 0.75, 0.846153846153846, 0.666666666666667, 
0.923076923076923, 0.916666666666667, 0.428571428571429, 0.75, 
0.769230769230769, 1, 0.692307692307692, 0.5, 0.846153846153846, 
0.916666666666667, 0.692307692307692, 0.75, 0.857142857142857, 
0.75, 0.538461538461538, 0.75, 0.538461538461538, 0.666666666666667, 
1, 0.833333333333333, 0.923076923076923, 0.916666666666667, 0.785714285714286, 
0.833333333333333, 0.769230769230769, 0.916666666666667, 0.846153846153846, 
0.666666666666667), .Dim = c(10L, 26L), .Dimnames = list(NULL, 
    c("overlapping.F1", "overlapping.F1v", "overlapping.F2", 
    "overlapping.F3", "overlapping.F4", "neighborhood.N1", "neighborhood.N2", 
    "neighborhood.N3", "neighborhood.N4", "neighborhood.T1", 
    "neighborhood.LSCAvg", "linearity.L1", "linearity.L2", "linearity.L3", 
    "dimensionality.T2", "dimensionality.T3", "dimensionality.T4", 
    "balance.C1", "balance.C2", "network.Density", "network.ClsCoef", 
    "network.Hubs", "ANN", "C4.5", "kNN", "SVM")))
