aux <-
structure(c(Inf, 0.404282717528394, 0, 0.317424507064121, 1, 
0.42153253709495, 0.861955487428017, 0.271623472397809, 0.0440930866990485, 
0.883587425421962, 0.0366807128514789, 0, 0, 0.0105807937986559, 
0.369381107491856, 113.4, 0.00325732899022801, 0.918270527089493, 
1.25011545756283, 0.129485374821891, 0.610907716080654, 0.270755655176547, 
0.865201465201465, 0.749267399267399, 0.73058608058608, 0.849084249084249
), .Names = c("overlapping.F1", "overlapping.F1v", "overlapping.F2", 
"overlapping.F3", "overlapping.F4", "neighborhood.N1", "neighborhood.N2", 
"neighborhood.N3", "neighborhood.N4", "neighborhood.T1", "neighborhood.LSCAvg", 
"linearity.L1", "linearity.L2", "linearity.L3", "dimensionality.T2", 
"dimensionality.T3", "dimensionality.T4", "balance.C1", "balance.C2", 
"network.Density", "network.ClsCoef", "network.Hubs", "ANN", 
"C4.5", "kNN", "SVM"))
