aux <-
structure(c(0.107369954456979, 1.51101503453111, 2.37753689885419e-28, 
0.00615384615384615, 1, 0.528205128205128, 0.997104313994577, 
0.433675213675214, 0, 1, 0.00101097596610417, 0.227745812839677, 
0.245769230769231, 0.30491452991453, 4.68, 8.32740213523132, 
0.562, 1, 1, 0.111638950095556, 0.309181420680296, 0.158138672730669, 
0.616153846153846, 0.704230769230769, 0.531153846153846, 0.585384615384615
), .Names = c("overlapping.F1", "overlapping.F1v", "overlapping.F2", 
"overlapping.F3", "overlapping.F4", "neighborhood.N1", "neighborhood.N2", 
"neighborhood.N3", "neighborhood.N4", "neighborhood.T1", "neighborhood.LSCAvg", 
"linearity.L1", "linearity.L2", "linearity.L3", "dimensionality.T2", 
"dimensionality.T3", "dimensionality.T4", "balance.C1", "balance.C2", 
"network.Density", "network.ClsCoef", "network.Hubs", "ANN", 
"C4.5", "kNN", "SVM"))
