aux <-
structure(c(0.120251832973971, 0.101974976754939, 0.105038854090437, 
0.112011871936959, 0.103072006784125, 0.0998000665708186, 0.100202052444038, 
0.120320309561164, 0.104804926148917, 0.106222647304426, 1.47895432151923, 
1.49917448507581, 1.52659615109857, 1.48459084902175, 1.52489525194909, 
1.52111151294773, 1.50378201656157, 1.54456618555436, 1.49462636458293, 
1.53185320700008, 2.54595585205887e-28, 4.98108634226132e-28, 
1.18686582981354e-28, 3.98742280593606e-29, 3.6008004001462e-28, 
2.04693123292029e-28, 2.28932350759356e-28, 1.83202150654129e-28, 
1.69948052413885e-28, 3.19416151247436e-28, 0.0047008547008547, 
0.00555555555555556, 0.00683760683760684, 0.00555555555555556, 
0.00598290598290598, 0.00598290598290598, 0.00726495726495727, 
0.00769230769230769, 0.00598290598290598, 0.00598290598290598, 
1, 1, 1, 1, 1, 1, 1, 1, 1, 1, 0.533760683760684, 0.54017094017094, 
0.512393162393162, 0.527777777777778, 0.531196581196581, 0.528205128205128, 
0.531196581196581, 0.526068376068376, 0.523504273504274, 0.527777777777778, 
0.997111758141972, 0.997763779980851, 0.996643032654481, 0.997172034110399, 
0.997031176064118, 0.997301190193107, 0.996940163957452, 0.996985752576984, 
0.996918121572549, 0.997176130693857, 0.435897435897436, 0.441880341880342, 
0.419230769230769, 0.435897435897436, 0.435897435897436, 0.435470085470085, 
0.436324786324786, 0.435897435897436, 0.428205128205128, 0.432051282051282, 
0, 0, 0, 0, 0, 0, 0, 0, 0, 0, 1, 1, 1, 1, 1, 1, 1, 1, 1, 1, 0.00101377018043685, 
0.000984184381620279, 0.00104335597925342, 0.00100865658557966, 
0.00100390824749799, 0.0010097523559062, 0.00100737818686537, 
0.00102180582949814, 0.00101797063335525, 0.000998977281028563, 
0.228318104096721, 0.22578382484174, 0.224927464911974, 0.22735603465267, 
0.231391962013807, 0.230146828689405, 0.222489619670836, 0.228181393040155, 
0.226696383748689, 0.232166512730772, 0.246581196581197, 0.242735042735043, 
0.254700854700855, 0.244444444444444, 0.244444444444444, 0.244444444444444, 
0.253418803418803, 0.241025641025641, 0.244444444444444, 0.241452991452991, 
0.302991452991453, 0.311538461538462, 0.314529914529915, 0.305555555555556, 
0.3, 0.311538461538462, 0.31025641025641, 0.302564102564103, 
0.304273504273504, 0.285897435897436, 4.68, 4.68, 4.68, 4.68, 
4.68, 4.68, 4.68, 4.68, 4.68, 4.68, 8.32740213523132, 8.32740213523132, 
8.32740213523132, 8.32740213523132, 8.32740213523132, 8.32740213523132, 
8.32740213523132, 8.32740213523132, 8.32740213523132, 8.32740213523132, 
0.562, 0.562, 0.562, 0.562, 0.562, 0.562, 0.562, 0.562, 0.562, 
0.562, 1, 1, 1, 1, 1, 1, 1, 1, 1, 1, 1, 1, 1, 1, 1, 1, 1, 1, 
1, 1, 0.111754603289447, 0.111303683727797, 0.111655210971158, 
0.111817819727183, 0.111656307209963, 0.111551799110585, 0.111648268125395, 
0.111783836324238, 0.111555818652869, 0.111662153816921, 0.3092051834576, 
0.307786534324847, 0.30954104922586, 0.310400567529896, 0.308160846468378, 
0.309353040255506, 0.309218462390622, 0.309905743189024, 0.309430907581235, 
0.308811872379997, 0.1587676159394, 0.156703980178374, 0.159508034237354, 
0.157329909218747, 0.160611850011134, 0.160362604359523, 0.156504717632932, 
0.157602158133662, 0.15855538294352, 0.155440474652044, 0.638461538461538, 
0.619230769230769, 0.6, 0.653846153846154, 0.584615384615385, 
0.626923076923077, 0.607692307692308, 0.630769230769231, 0.607692307692308, 
0.592307692307692, 0.730769230769231, 0.688461538461538, 0.719230769230769, 
0.676923076923077, 0.719230769230769, 0.684615384615385, 0.7, 
0.676923076923077, 0.711538461538462, 0.734615384615385, 0.588461538461538, 
0.592307692307692, 0.507692307692308, 0.546153846153846, 0.496153846153846, 
0.565384615384615, 0.503846153846154, 0.534615384615385, 0.473076923076923, 
0.503846153846154, 0.6, 0.573076923076923, 0.561538461538462, 
0.615384615384615, 0.573076923076923, 0.580769230769231, 0.619230769230769, 
0.573076923076923, 0.592307692307692, 0.565384615384615), .Dim = c(10L, 
26L), .Dimnames = list(NULL, c("overlapping.F1", "overlapping.F1v", 
"overlapping.F2", "overlapping.F3", "overlapping.F4", "neighborhood.N1", 
"neighborhood.N2", "neighborhood.N3", "neighborhood.N4", "neighborhood.T1", 
"neighborhood.LSCAvg", "linearity.L1", "linearity.L2", "linearity.L3", 
"dimensionality.T2", "dimensionality.T3", "dimensionality.T4", 
"balance.C1", "balance.C2", "network.Density", "network.ClsCoef", 
"network.Hubs", "ANN", "C4.5", "kNN", "SVM")))
