aux <-
structure(c(3.15800134260822, 3.69351581774215, 7.85167814009622e-19, 
0.259711826145812, 0.741822857780136, 0.118959751417122, 0.633320038624917, 
0.0772162294161533, 0.0463915680257197, 0.39498390595076, 0.036310704956105, 
0.0438270653699038, 0.0532752447756832, 0.0675255735788397, 31.675, 
570.15, 0.0555555555555556, 0.339790434410631, 7.45244840109783, 
0.177788270780117, 0.584501859514536, 0.322739762268396, 0.935686719990041, 
0.913981824406337, 0.925002334194392, 0.937253742491674), .Names = c("overlapping.F1", 
"overlapping.F1v", "overlapping.F2", "overlapping.F3", "overlapping.F4", 
"neighborhood.N1", "neighborhood.N2", "neighborhood.N3", "neighborhood.N4", 
"neighborhood.T1", "neighborhood.LSCAvg", "linearity.L1", "linearity.L2", 
"linearity.L3", "dimensionality.T2", "dimensionality.T3", "dimensionality.T4", 
"balance.C1", "balance.C2", "network.Density", "network.ClsCoef", 
"network.Hubs", "ANN", "C4.5", "kNN", "SVM"))
