aux <-
structure(c(2.87030764956759, 3.29557562470769, 2.87325341046504, 
2.9696315574765, 2.86523891453881, 2.83972182097763, 5.22203924446402, 
2.85216881864163, 2.70769226793489, 3.08438411730839, 3.87988044433504, 
3.70171750385187, 3.71304077165988, 3.68688775269076, 3.74931869995656, 
3.55739110902429, 3.57186176014982, 3.64759942560252, 3.53696953110823, 
3.89049117904258, 4.46083808156246e-19, 1.34826846944521e-18, 
7.71599396151318e-19, 4.73148182679359e-19, 1.331206419589e-18, 
1.06909879067317e-19, 3.63908033822598e-19, 1.1377711408259e-18, 
1.06474014758515e-18, 8.0804266277412e-19, 0.255263157894737, 
0.254274441034634, 0.257781674704077, 0.259096887330118, 0.251315789473684, 
0.292415607189829, 0.252520824199912, 0.260526315789474, 0.254274441034634, 
0.259649122807018, 0.740789473684211, 0.754055238930294, 0.75010960105217, 
0.735642262165717, 0.749122807017544, 0.729504603244191, 0.737834283209119, 
0.743859649122807, 0.731696624287593, 0.745614035087719, 0.119736842105263, 
0.11968434896975, 0.117930732135028, 0.118807540552389, 0.125438596491228, 
0.120999561595791, 0.117492327926348, 0.114035087719298, 0.122753178430513, 
0.112719298245614, 0.626196512813554, 0.628927590403362, 0.634909363851973, 
0.634563813169703, 0.639393735229112, 0.619677280275757, 0.638202359003512, 
0.633132101963252, 0.640884101765378, 0.637313527773564, 0.0758771929824561, 
0.0784743533537922, 0.0775975449364314, 0.0762823323103902, 0.081140350877193, 
0.0819815870232354, 0.0762823323103902, 0.0714912280701754, 0.079351161771153, 
0.0736842105263158, 0.0451754385964912, 0.0416483998246383, 0.0473476545374836, 
0.0530469092503288, 0.0513157894736842, 0.0469092503288032, 0.0434020166593599, 
0.0456140350877193, 0.0398947829899167, 0.0495614035087719, 0.376754385964912, 
0.385795703638755, 0.397194213064445, 0.390179745725559, 0.4, 
0.38097325734327, 0.400701446733889, 0.398684210526316, 0.412099956159579, 
0.407456140350877, 0.039479647583872, 0.038445608183494, 0.0355801244714308, 
0.0350390863971496, 0.0347052939365959, 0.0397823470135563, 0.0344951653491156, 
0.035854108956602, 0.0340033300268828, 0.0357223376423515, 0.0416380057643233, 
0.04309234523382, 0.0437651654561933, 0.0443549360525967, 0.044952863444945, 
0.0481776878982267, 0.0450254265013269, 0.0422914075261536, 0.0438709102590366, 
0.0411019055624155, 0.0508771929824562, 0.0530469092503288, 0.052170100832968, 
0.0534853134590092, 0.0526315789473685, 0.0596229723805348, 0.0512932924156072, 
0.0535087719298246, 0.0548005260850504, 0.0513157894736842, 0.0618421052631579, 
0.0688294607628234, 0.0723366944322665, 0.058746163963174, 0.0706140350877194, 
0.074967119684349, 0.0604997807978956, 0.0640350877192982, 0.081543182814555, 
0.0618421052631579, 31.6666666666667, 31.6805555555556, 31.6805555555556, 
31.6805555555556, 31.6666666666667, 31.6805555555556, 31.6805555555556, 
31.6666666666667, 31.6805555555556, 31.6666666666667, 570, 570.25, 
570.25, 570.25, 570, 570.25, 570.25, 570, 570.25, 570, 0.0555555555555556, 
0.0555555555555556, 0.0555555555555556, 0.0555555555555556, 0.0555555555555556, 
0.0555555555555556, 0.0555555555555556, 0.0555555555555556, 0.0555555555555556, 
0.0555555555555556, 0.339855078222144, 0.339747338536289, 0.339747338536289, 
0.339747338536289, 0.339855078222144, 0.339747338536289, 0.339747338536289, 
0.339855078222144, 0.339747338536289, 0.339855078222144, 7.45037453183521, 
7.45383098060625, 7.45383098060625, 7.45383098060625, 7.45037453183521, 
7.45383098060625, 7.45383098060625, 7.45037453183521, 7.45383098060625, 
7.45037453183521, 0.177718374479419, 0.177612927540245, 0.177776367705762, 
0.177768676403855, 0.177870795901557, 0.177944422652422, 0.17784905050878, 
0.178006281610124, 0.177299506987548, 0.178036304011455, 0.584095363345779, 
0.584597536192728, 0.584334649735814, 0.583921769437732, 0.581899620243349, 
0.585287583873295, 0.584415604244066, 0.5855970993971, 0.584187920023228, 
0.586681448652272, 0.319269105943817, 0.326489513828291, 0.323990653920802, 
0.323653536066869, 0.321639798501426, 0.31989065153045, 0.320942292559318, 
0.321453095516157, 0.326033763398874, 0.324035211417954, 0.929133858267717, 
0.920948616600791, 0.928853754940711, 0.952569169960474, 0.933070866141732, 
0.956521739130435, 0.948616600790514, 0.937007874015748, 0.936758893280632, 
0.913385826771654, 0.897637795275591, 0.924901185770751, 0.889328063241107, 
0.936758893280632, 0.901574803149606, 0.91699604743083, 0.932806324110672, 
0.897637795275591, 0.91304347826087, 0.929133858267717, 0.94488188976378, 
0.928853754940711, 0.91699604743083, 0.905138339920949, 0.952755905511811, 
0.91699604743083, 0.909090909090909, 0.921259842519685, 0.928853754940711, 
0.925196850393701, 0.937007874015748, 0.936758893280632, 0.936758893280632, 
0.936758893280632, 0.937007874015748, 0.940711462450593, 0.936758893280632, 
0.937007874015748, 0.936758893280632, 0.937007874015748), .Dim = c(10L, 
26L), .Dimnames = list(NULL, c("overlapping.F1", "overlapping.F1v", 
"overlapping.F2", "overlapping.F3", "overlapping.F4", "neighborhood.N1", 
"neighborhood.N2", "neighborhood.N3", "neighborhood.N4", "neighborhood.T1", 
"neighborhood.LSCAvg", "linearity.L1", "linearity.L2", "linearity.L3", 
"dimensionality.T2", "dimensionality.T3", "dimensionality.T4", 
"balance.C1", "balance.C2", "network.Density", "network.ClsCoef", 
"network.Hubs", "ANN", "C4.5", "kNN", "SVM")))
