aux <-
structure(c(8.16743005268992, 11.4761128355164, 8.08532929028968, 
7.10054071902044, 6.78033573856965, 7.25031705973196, 8.87307251130706, 
7.80581048839356, 9.06284295000296, 8.30634308833865, 3.59260999264765, 
3.92010955350238, 4.07905925966435, 3.7024344948503, 4.10831713341048, 
4.05234972411352, 4.03097058549872, 3.93354544696724, 4.13848394574335, 
3.99929875218261, 8.62057840723763e-10, 1.51947884774231e-11, 
6.30490154181162e-10, 7.02529009074191e-10, 1.5342607079654e-09, 
4.82748961968074e-09, 7.0478946964269e-10, 7.78958759569636e-10, 
5.84876053089076e-11, 7.97468628134425e-10, 0.357954545454545, 
0.52, 0.363636363636364, 0.342857142857143, 0.352272727272727, 
0.354285714285714, 0.365714285714286, 0.365714285714286, 0.371428571428571, 
0.361581920903955, 1, 1, 1, 1, 0.982954545454545, 1, 0.971428571428571, 
1, 1, 0.988700564971751, 0.164772727272727, 0.154285714285714, 
0.153409090909091, 0.154285714285714, 0.159090909090909, 0.148571428571429, 
0.154285714285714, 0.177142857142857, 0.131428571428571, 0.169491525423729, 
0.443188941635521, 0.428207282159089, 0.436697680332884, 0.443493433994673, 
0.456732921048005, 0.434596013330925, 0.442299775383788, 0.443866217154976, 
0.427630593026488, 0.442105442124794, 0.0681818181818182, 0.0571428571428571, 
0.0681818181818182, 0.0571428571428571, 0.0681818181818182, 0.0571428571428571, 
0.0514285714285714, 0.0628571428571429, 0.0514285714285714, 0.0734463276836158, 
0.113636363636364, 0.0685714285714286, 0.0795454545454545, 0.114285714285714, 
0.107954545454545, 0.0857142857142857, 0.108571428571429, 0.08, 
0.0914285714285714, 0.0903954802259887, 0.340909090909091, 0.325714285714286, 
0.335227272727273, 0.342857142857143, 0.329545454545455, 0.337142857142857, 
0.371428571428571, 0.36, 0.325714285714286, 0.327683615819209, 
0.102401859504132, 0.116538775510204, 0.105823863636364, 0.104914285714286, 
0.0997869318181818, 0.108897959183673, 0.114285714285714, 0.101910204081633, 
0.112718367346939, 0.104727249513231, 0.105673206569619, 0.0903800681977599, 
0.115849069496052, 0.104719809574015, 0.091048446710877, 0.0916457438252383, 
0.0846638318483507, 0.108171820208299, 0.0804690054638423, 0.105138011175072, 
0.107954545454545, 0.0857142857142857, 0.0965909090909091, 0.0914285714285714, 
0.0795454545454546, 0.08, 0.102857142857143, 0.102857142857143, 
0.0857142857142857, 0.101694915254237, 0.0681818181818182, 0.0914285714285714, 
0.142045454545455, 0.0857142857142857, 0.147727272727273, 0.142857142857143, 
0.0685714285714286, 0.125714285714286, 0.102857142857143, 0.096045197740113, 
8, 7.95454545454545, 8, 7.95454545454545, 8, 7.95454545454545, 
7.95454545454545, 7.95454545454545, 7.95454545454545, 8.04545454545454, 
58.6666666666667, 58.3333333333333, 88, 58.3333333333333, 58.6666666666667, 
58.3333333333333, 58.3333333333333, 58.3333333333333, 58.3333333333333, 
59, 0.136363636363636, 0.136363636363636, 0.0909090909090909, 
0.136363636363636, 0.136363636363636, 0.136363636363636, 0.136363636363636, 
0.136363636363636, 0.136363636363636, 0.136363636363636, 0.811278124459133, 
0.804414493503723, 0.802147821058613, 0.804414493503723, 0.802147821058613, 
0.804414493503723, 0.804414493503723, 0.804414493503723, 0.804414493503723, 
0.80903179222029, 1.66666666666667, 1.69776250880902, 1.70816576324532, 
1.69776250880902, 1.70816576324532, 1.69776250880902, 1.69776250880902, 
1.69776250880902, 1.69776250880902, 1.67677717019822, 0.149415584415584, 
0.150738916256158, 0.150974025974026, 0.150804597701149, 0.150454545454545, 
0.150870279146141, 0.150673234811166, 0.150410509031199, 0.153103448275862, 
0.149203903441192, 0.578475941846334, 0.580157153179191, 0.580714379552455, 
0.588558529123474, 0.57917280149913, 0.592192245845989, 0.579432114295984, 
0.580997959673548, 0.58742805911444, 0.583900059136606, 0.324493323091926, 
0.304058537604962, 0.323960942867435, 0.294002440314073, 0.304810065652271, 
0.318803767934794, 0.300117372069287, 0.32502743548634, 0.307895524568431, 
0.315945999914522, 0.947368421052632, 0.8, 0.842105263157895, 
0.9, 1, 0.95, 0.85, 1, 0.7, 0.944444444444444, 0.842105263157895, 
0.8, 0.947368421052632, 0.95, 0.947368421052632, 0.9, 0.85, 0.9, 
0.75, 0.888888888888889, 0.947368421052632, 0.95, 1, 1, 1, 1, 
0.85, 0.95, 0.9, 0.888888888888889, 0.947368421052632, 0.9, 0.789473684210526, 
0.9, 0.842105263157895, 0.9, 0.95, 0.85, 0.85, 0.833333333333333
), .Dim = c(10L, 26L), .Dimnames = list(NULL, c("overlapping.F1", 
"overlapping.F1v", "overlapping.F2", "overlapping.F3", "overlapping.F4", 
"neighborhood.N1", "neighborhood.N2", "neighborhood.N3", "neighborhood.N4", 
"neighborhood.T1", "neighborhood.LSCAvg", "linearity.L1", "linearity.L2", 
"linearity.L3", "dimensionality.T2", "dimensionality.T3", "dimensionality.T4", 
"balance.C1", "balance.C2", "network.Density", "network.ClsCoef", 
"network.Hubs", "ANN", "C4.5", "kNN", "SVM")))
