aux <-
structure(c(8.29081347338603, 3.95571788885806, 1.09117265827583e-09, 
0.375544555726759, 0.994308368185487, 0.156676425269646, 0.439881830019114, 
0.0615134639371927, 0.0940103272433781, 0.339622257685817, 0.107200521059436, 
0.0977759013069125, 0.0934357252916574, 0.107114260033752, 7.97727272727272, 
61.4333333333333, 0.131818181818181, 0.805109251981899, 1.69463504162097, 
0.150664904450702, 0.583102924326715, 0.311911540950404, 0.893391812865497, 
0.877573099415205, 0.948625730994152, 0.876228070175439), .Names = c("overlapping.F1", 
"overlapping.F1v", "overlapping.F2", "overlapping.F3", "overlapping.F4", 
"neighborhood.N1", "neighborhood.N2", "neighborhood.N3", "neighborhood.N4", 
"neighborhood.T1", "neighborhood.LSCAvg", "linearity.L1", "linearity.L2", 
"linearity.L3", "dimensionality.T2", "dimensionality.T3", "dimensionality.T4", 
"balance.C1", "balance.C2", "network.Density", "network.ClsCoef", 
"network.Hubs", "ANN", "C4.5", "kNN", "SVM"))
