aux <-
structure(c(1.14267979184118, 1.12745993278853, 1.12596703186661, 
1.16926103457672, 1.11085897058103, 1.15491519601515, 1.0948782995893, 
1.10023176422494, 1.07984715853467, 1.10025466421733, 1.59553600266918, 
1.5847349538308, 1.57083897061485, 1.59492010057729, 1.5636718511543, 
1.5991231528316, 1.66710392344435, 1.53799251732977, 1.56585091795405, 
1.61212022550308, 0.300895520957296, 0.262202977042041, 0.269030229644615, 
0.263995660819355, 0.280793170460643, 0.261313390164814, 0.266559489976084, 
0.264945461890987, 0.266193445251744, 0.275184603764582, 0.123355263157895, 
0.123380629241209, 0.124588815789474, 0.129111842105263, 0.120065789473684, 
0.121529919802591, 0.121710526315789, 0.121941188566728, 0.120888157894737, 
0.122146822948797, 0.136101973684211, 0.137363767221879, 0.136924342105263, 
0.141858552631579, 0.133018092105263, 0.133867982726712, 0.134457236842105, 
0.134896154637055, 0.137129934210526, 0.135101789019124, 0.204152960526316, 
0.203166769483858, 0.203741776315789, 0.196340460526316, 0.196957236842105, 
0.200699156899034, 0.200863486842105, 0.201932963191446, 0.198396381578947, 
0.200493522516965, 0.274497205740598, 0.279859810856923, 0.275602163591079, 
0.273696465068111, 0.278949767572864, 0.276289488015242, 0.275326157682727, 
0.276350212605969, 0.277186426877264, 0.26545467716769, 0.0962171052631579, 
0.0962368908081431, 0.0947779605263158, 0.0912828947368421, 0.0933388157894737, 
0.0952087188977997, 0.0960115131578947, 0.0960312564260744, 0.0962171052631579, 
0.094386181369525, 0.231496710526316, 0.240386592638289, 0.244243421052632, 
0.246504934210526, 0.235814144736842, 0.252519021180341, 0.250411184210526, 
0.244088011515525, 0.245271381578947, 0.235657001850709, 0.290090460526316, 
0.290767016245116, 0.29296875, 0.289884868421053, 0.291529605263158, 
0.288916306806498, 0.288651315789474, 0.293645897594078, 0.287417763157895, 
0.289944478716841, 0.0201688644958665, 0.0194435913345003, 0.0198906135030731, 
0.0204764918277138, 0.0195257974133267, 0.0195872351749049, 0.0198193494632964, 
0.0193637140267216, 0.0198218432820074, 0.0219683739140925, 0.169205677568723, 
0.16913760982163, 0.16860832592424, 0.169940197645776, 0.16950691055932, 
0.167929721606274, 0.164013220146248, 0.169647822795977, 0.167907812024762, 
0.167734908890227, 0.224917763157895, 0.223524573308657, 0.225123355263158, 
0.226356907894737, 0.223889802631579, 0.225580917129344, 0.224712171052632, 
0.228459798478306, 0.226973684210526, 0.223318938926588, 0.200246710526316, 
0.187538556446638, 0.189967105263158, 0.192228618421053, 0.190378289473684, 
0.19494139420111, 0.200246710526316, 0.189800534649393, 0.194490131578947, 
0.188566728356981, 972.8, 972.6, 972.8, 972.8, 972.8, 972.6, 
972.8, 972.6, 972.8, 972.6, 972.8, 972.6, 972.8, 972.8, 972.8, 
972.6, 972.8, 972.6, 972.8, 972.6, 1, 1, 1, 1, 1, 1, 1, 1, 1, 
1, 0.873047399606517, 0.873123894041767, 0.87330797716371, 0.87330797716371, 
0.873047399606517, 0.873123894041767, 0.87330797716371, 0.873123894041767, 
0.87330797716371, 0.873123894041767, 1.41186853400247, 1.41157856587532, 
1.41088099966413, 1.41088099966413, 1.41186853400247, 1.41157856587532, 
1.41088099966413, 1.41157856587532, 1.41088099966413, 1.41157856587532, 
0.128820808576036, 0.12877440808638, 0.128735493982489, 0.128778700877734, 
0.128630901165622, 0.128972260336342, 0.129181176066323, 0.128566658994499, 
0.128646797244499, 0.129115637661561, 0.666016661239599, 0.66542613570181, 
0.663403424862824, 0.66498670709362, 0.667986878432506, 0.663136430817816, 
0.66512371356813, 0.661504199514735, 0.661570359445124, 0.66394938092566, 
0.28952797620298, 0.281953936353929, 0.284391386799364, 0.286053065437487, 
0.279820335645243, 0.282918377387528, 0.284994711573344, 0.281238432910838, 
0.280925564082816, 0.2826338232137, 0.82962962962963, 0.802218114602588, 
0.842592592592593, 0.803703703703704, 0.807407407407407, 0.813308687615527, 
0.777777777777778, 0.809611829944547, 0.790740740740741, 0.815157116451017, 
0.866666666666667, 0.881700554528651, 0.868518518518518, 0.851851851851852, 
0.861111111111111, 0.88354898336414, 0.840740740740741, 0.870609981515712, 
0.87037037037037, 0.88909426987061, 0.931481481481481, 0.918669131238447, 
0.918518518518519, 0.883333333333333, 0.898148148148148, 0.909426987060998, 
0.894444444444444, 0.907578558225508, 0.911111111111111, 0.88539741219963, 
0.848148148148148, 0.863216266173752, 0.857407407407407, 0.824074074074074, 
0.840740740740741, 0.857670979667283, 0.816666666666667, 0.848428835489834, 
0.853703703703704, 0.824399260628466), .Dim = c(10L, 26L), .Dimnames = list(
    NULL, c("overlapping.F1", "overlapping.F1v", "overlapping.F2", 
    "overlapping.F3", "overlapping.F4", "neighborhood.N1", "neighborhood.N2", 
    "neighborhood.N3", "neighborhood.N4", "neighborhood.T1", 
    "neighborhood.LSCAvg", "linearity.L1", "linearity.L2", "linearity.L3", 
    "dimensionality.T2", "dimensionality.T3", "dimensionality.T4", 
    "balance.C1", "balance.C2", "network.Density", "network.ClsCoef", 
    "network.Hubs", "ANN", "C4.5", "kNN", "SVM")))
