aux <-
structure(c(1.12063538442355, 1.58918926159093, 0.271111394997216, 
0.122871895529617, 0.136071982518372, 0.200674471472288, 0.275321237517847, 
0.0949708442238384, 0.242639240350065, 0.290381646252043, 0.0200065874435503, 
0.168363220698318, 0.225285791205342, 0.19284047794436, 972.72, 
972.72, 1, 0.873182228403494, 1.41135753301627, 0.128822284299148, 
0.664310389160182, 0.283445760960723, 0.809214760046553, 0.868421304853837, 
0.905810912576162, 0.843445608270008), .Names = c("overlapping.F1", 
"overlapping.F1v", "overlapping.F2", "overlapping.F3", "overlapping.F4", 
"neighborhood.N1", "neighborhood.N2", "neighborhood.N3", "neighborhood.N4", 
"neighborhood.T1", "neighborhood.LSCAvg", "linearity.L1", "linearity.L2", 
"linearity.L3", "dimensionality.T2", "dimensionality.T3", "dimensionality.T4", 
"balance.C1", "balance.C2", "network.Density", "network.ClsCoef", 
"network.Hubs", "ANN", "C4.5", "kNN", "SVM"))
