aux <-
structure(c(0.0143838574865637, 0.0195955677822815, 0.0108217742429194, 
0.0224581675270301, 0.00981464299228864, 0.0167269450897279, 
0.0197214690902941, 0.0102473434543629, 0.013977644843871, 0.011343635020602, 
0.106399830783872, 0.114526456339104, 0.13110117864629, 0.114570624049646, 
0.11703286904442, 0.149486948907917, 0.249759107167487, 0.144671066176841, 
0.15014818446995, 0.0933956658476568, 0.0729768637462895, 0.0476476551308488, 
0.06855561627833, 0.0789399758217983, 0.0454983133042062, 0.0704408670261078, 
0.0328389664891051, 0.0735826767219058, 0.0563214998259713, 0.0744210487896011, 
0.0914634146341463, 0.0975609756097561, 0.103658536585366, 0.0914634146341463, 
0.159509202453988, 0.103658536585366, 0.104294478527607, 0.0975609756097561, 
0.0914634146341463, 0.103658536585366, 0.432926829268293, 0.481707317073171, 
0.475609756097561, 0.396341463414634, 0.45398773006135, 0.469512195121951, 
0.496932515337423, 0.402439024390244, 0.432926829268293, 0.420731707317073, 
0.646341463414634, 0.615853658536585, 0.573170731707317, 0.603658536585366, 
0.613496932515337, 0.621951219512195, 0.582822085889571, 0.603658536585366, 
0.628048780487805, 0.621951219512195, 0.942439685137014, 0.92113083039805, 
0.88700523130159, 0.884496361667314, 0.902898838880493, 0.936037169703995, 
0.898325325694545, 0.904484173884471, 0.905088062022423, 0.926167193738272, 
0.408536585365854, 0.384146341463415, 0.347560975609756, 0.335365853658537, 
0.392638036809816, 0.414634146341463, 0.374233128834356, 0.396341463414634, 
0.420731707317073, 0.402439024390244, 0.292682926829268, 0.298780487804878, 
0.26219512195122, 0.26219512195122, 0.245398773006135, 0.317073170731707, 
0.325153374233129, 0.280487804878049, 0.23780487804878, 0.329268292682927, 
0.926829268292683, 0.908536585365854, 0.884146341463415, 0.908536585365854, 
0.901840490797546, 0.926829268292683, 0.901840490797546, 0.908536585365854, 
0.871951219512195, 0.926829268292683, 0.0149464604402142, 0.0151323616894706, 
0.01598750743605, 0.0160618679357525, 0.0151680529940909, 0.0147605591909578, 
0.0155444314802966, 0.0151695419393218, 0.0163221296847115, 0.0142400356930399, 
0.286566750277868, 0.2865545046751, 0.286309240963161, 0.286499858796088, 
0.282127059936406, 0.286536316296885, 0.281783570744253, 0.286163402182747, 
0.286407694338958, 0.286402807085381, 0.286585365853659, 0.286585365853659, 
0.286585365853659, 0.286585365853659, 0.282208588957055, 0.286585365853659, 
0.282208588957055, 0.286585365853659, 0.286585365853659, 0.286585365853659, 
0.304878048780488, 0.225609756097561, 0.24390243902439, 0.347560975609756, 
0.269938650306748, 0.298780487804878, 0.319018404907976, 0.298780487804878, 
0.304878048780488, 0.24390243902439, 13.6666666666667, 13.6666666666667, 
13.6666666666667, 13.6666666666667, 13.5833333333333, 13.6666666666667, 
13.5833333333333, 13.6666666666667, 13.6666666666667, 13.6666666666667, 
27.3333333333333, 27.3333333333333, 27.3333333333333, 27.3333333333333, 
27.1666666666667, 27.3333333333333, 27.1666666666667, 27.3333333333333, 
27.3333333333333, 27.3333333333333, 0.5, 0.5, 0.5, 0.5, 0.5, 
0.5, 0.5, 0.5, 0.5, 0.5, 0.864269393519869, 0.864269393519869, 
0.864269393519869, 0.864269393519869, 0.858442742145919, 0.864269393519869, 
0.858442742145919, 0.864269393519869, 0.864269393519869, 0.864269393519869, 
1.44553555191853, 1.44553555191853, 1.44553555191853, 1.44553555191853, 
1.46832032701598, 1.44553555191853, 1.46832032701598, 1.44553555191853, 
1.44553555191853, 1.44553555191853, 0.120679335627712, 0.11910818494688, 
0.121651952715846, 0.121801586114021, 0.122017723244717, 0.12127786922041, 
0.121714761796561, 0.120754152326799, 0.120380068831363, 0.120080802035014, 
0.443995856463651, 0.439912256344755, 0.453215008562977, 0.445932083015493, 
0.443100842150723, 0.451175767237943, 0.451234781682074, 0.448883034490174, 
0.448207657084022, 0.440256220744026, 0.260044250366291, 0.313688325373291, 
0.266833785245703, 0.273600151034258, 0.276046412883495, 0.271569153988105, 
0.275127186467349, 0.260184631201005, 0.286666213451506, 0.281481101037293, 
0.666666666666667, 0.722222222222222, 0.388888888888889, 0.555555555555556, 
0.421052631578947, 0.666666666666667, 0.631578947368421, 0.555555555555556, 
0.611111111111111, 0.666666666666667, 0.722222222222222, 0.722222222222222, 
0.722222222222222, 0.722222222222222, 0.684210526315789, 0.722222222222222, 
0.684210526315789, 0.722222222222222, 0.722222222222222, 0.722222222222222, 
0.777777777777778, 0.722222222222222, 0.5, 0.388888888888889, 
0.684210526315789, 0.833333333333333, 0.631578947368421, 0.5, 
0.777777777777778, 0.833333333333333, 0.722222222222222, 0.722222222222222, 
0.722222222222222, 0.722222222222222, 0.684210526315789, 0.722222222222222, 
0.684210526315789, 0.722222222222222, 0.722222222222222, 0.722222222222222
), .Dim = c(10L, 26L), .Dimnames = list(NULL, c("overlapping.F1", 
"overlapping.F1v", "overlapping.F2", "overlapping.F3", "overlapping.F4", 
"neighborhood.N1", "neighborhood.N2", "neighborhood.N3", "neighborhood.N4", 
"neighborhood.T1", "neighborhood.LSCAvg", "linearity.L1", "linearity.L2", 
"linearity.L3", "dimensionality.T2", "dimensionality.T3", "dimensionality.T4", 
"balance.C1", "balance.C2", "network.Density", "network.ClsCoef", 
"network.Hubs", "ANN", "C4.5", "kNN", "SVM")))
