aux <-
structure(c(0.0149091047529941, 0.137109193143318, 0.0621223483134164, 
0.104429148585964, 0.446311536734999, 0.611095316474637, 0.910807287242817, 
0.387662726320515, 0.285103995211731, 0.906587610354631, 0.0153332948483906, 
0.285535120529685, 0.285710010474338, 0.285724973814155, 13.65, 
27.3, 0.5, 0.863104063245079, 1.45009250693802, 0.120946643685932, 
0.446591350777584, 0.27652412110483, 0.58859649122807, 0.714619883040935, 
0.664912280701754, 0.714619883040935), .Names = c("overlapping.F1", 
"overlapping.F1v", "overlapping.F2", "overlapping.F3", "overlapping.F4", 
"neighborhood.N1", "neighborhood.N2", "neighborhood.N3", "neighborhood.N4", 
"neighborhood.T1", "neighborhood.LSCAvg", "linearity.L1", "linearity.L2", 
"linearity.L3", "dimensionality.T2", "dimensionality.T3", "dimensionality.T4", 
"balance.C1", "balance.C2", "network.Density", "network.ClsCoef", 
"network.Hubs", "ANN", "C4.5", "kNN", "SVM"))
