aux <-
structure(c(Inf, Inf, Inf, Inf, Inf, Inf, Inf, Inf, Inf, Inf, 
4.3770584567756, 4.31615276019706, 4.42650841661189, 4.60252139541391, 
4.14675550797719, 4.51146101633666, 4.41099399720354, 4.5866602259972, 
4.48037493083302, 4.47068124601528, 0, 0, 0, 0, 0, 0, 0, 0, 0, 
0, 0.0800842992623814, 0.08, 0.0831578947368421, 0.08, 0.0800842992623814, 
0.0810526315789474, 0.0779768177028451, 0.0811380400421496, 0.0821052631578947, 
0.0779768177028451, 0.363540569020021, 0.353684210526316, 0.375789473684211, 
0.345263157894737, 0.349841938883035, 0.36, 0.34668071654373, 
0.378292939936776, 0.377894736842105, 0.387776606954689, 0.276080084299262, 
0.28, 0.274736842105263, 0.272631578947368, 0.282402528977871, 
0.264210526315789, 0.284510010537408, 0.273972602739726, 0.272631578947368, 
0.287671232876712, 0.563169745890476, 0.554083538472158, 0.551983568473032, 
0.538928900624291, 0.55056271632298, 0.539362016934097, 0.54973743152768, 
0.541636177948666, 0.532757926881391, 0.5383149269704, 0.168598524762908, 
0.173684210526316, 0.163157894736842, 0.171578947368421, 0.178082191780822, 
0.158947368421053, 0.177028451001054, 0.159114857744995, 0.170526315789474, 
0.175974710221286, 0.15595363540569, 0.133684210526316, 0.156842105263158, 
0.135789473684211, 0.165437302423604, 0.124210526315789, 0.134878819810327, 
0.142255005268704, 0.123157894736842, 0.116965226554268, 0.387776606954689, 
0.370526315789474, 0.404210526315789, 0.368421052631579, 0.401475237091675, 
0.38, 0.401475237091675, 0.366701791359326, 0.373684210526316, 
0.376185458377239, 0.0107106254601094, 0.0110603878116343, 0.0106337950138504, 
0.0111634349030471, 0.0102487116936357, 0.0116465373961219, 0.0107306121134665, 
0.0109526860396557, 0.0129606648199446, 0.0114667871787839, 0.0979176009449531, 
0.096242762348034, 0.0957435188079469, 0.0917174872293226, 0.102319216965715, 
0.0961202976497287, 0.097236176386798, 0.0948885896169885, 0.094610712770892, 
0.094788116140642, 0.112750263435195, 0.110526315789474, 0.110526315789474, 
0.107368421052632, 0.111696522655427, 0.107368421052632, 0.110642781875659, 
0.112750263435195, 0.106315789473684, 0.104320337197049, 0.118018967334036, 
0.0957894736842105, 0.131578947368421, 0.124210526315789, 0.138040042149631, 
0.116842105263158, 0.134878819810327, 0.106427818756586, 0.115789473684211, 
0.107481559536354, 23.1463414634146, 23.1707317073171, 23.1707317073171, 
23.1707317073171, 23.1463414634146, 23.1707317073171, 23.1463414634146, 
23.1463414634146, 23.1707317073171, 23.1463414634146, 135.571428571429, 
135.714285714286, 135.714285714286, 135.714285714286, 135.571428571429, 
135.714285714286, 135.571428571429, 135.571428571429, 135.714285714286, 
135.571428571429, 0.170731707317073, 0.170731707317073, 0.170731707317073, 
0.170731707317073, 0.170731707317073, 0.170731707317073, 0.170731707317073, 
0.170731707317073, 0.170731707317073, 0.170731707317073, 0.922111184828245, 
0.922789851120066, 0.922789851120066, 0.921764711694161, 0.922111184828245, 
0.922789851120066, 0.922111184828245, 0.922111184828245, 0.922789851120066, 
0.922111184828245, 1.2371845190779, 1.23491771045372, 1.23491771045372, 
1.23834325396825, 1.2371845190779, 1.23491771045372, 1.2371845190779, 
1.2371845190779, 1.23491771045372, 1.2371845190779, 0.141679227078915, 
0.141443070267872, 0.140092063668127, 0.141871221784704, 0.139627322564725, 
0.141476346292496, 0.14165921934259, 0.140374278054181, 0.141602795186068, 
0.141777042678725, 0.546111275626125, 0.543968804890427, 0.541009375403828, 
0.542772047988583, 0.538069245971592, 0.544556972837359, 0.540007338517248, 
0.545847329991541, 0.54368505063608, 0.544056940618845, 0.274975317027057, 
0.274885605533187, 0.26798418017907, 0.274842491655494, 0.285716876789584, 
0.267643205547407, 0.275631176825317, 0.270210710254837, 0.267629625889257, 
0.267851521430713, 0.89622641509434, 0.857142857142857, 0.847619047619048, 
0.895238095238095, 0.971698113207547, 0.828571428571429, 0.867924528301887, 
0.839622641509434, 0.828571428571429, 0.811320754716981, 0.764150943396226, 
0.847619047619048, 0.876190476190476, 0.828571428571429, 0.877358490566038, 
0.847619047619048, 0.830188679245283, 0.811320754716981, 0.828571428571429, 
0.773584905660377, 0.830188679245283, 0.838095238095238, 0.828571428571429, 
0.866666666666667, 0.877358490566038, 0.780952380952381, 0.830188679245283, 
0.820754716981132, 0.828571428571429, 0.849056603773585, 0.877358490566038, 
0.904761904761905, 0.895238095238095, 0.866666666666667, 0.933962264150943, 
0.847619047619048, 0.858490566037736, 0.867924528301887, 0.866666666666667, 
0.849056603773585), .Dim = c(10L, 26L), .Dimnames = list(NULL, 
    c("overlapping.F1", "overlapping.F1v", "overlapping.F2", 
    "overlapping.F3", "overlapping.F4", "neighborhood.N1", "neighborhood.N2", 
    "neighborhood.N3", "neighborhood.N4", "neighborhood.T1", 
    "neighborhood.LSCAvg", "linearity.L1", "linearity.L2", "linearity.L3", 
    "dimensionality.T2", "dimensionality.T3", "dimensionality.T4", 
    "balance.C1", "balance.C2", "network.Density", "network.ClsCoef", 
    "network.Hubs", "ANN", "C4.5", "kNN", "SVM")))
