aux <-
structure(c(Inf, 4.43291679533614, 0, 0.0803576063446287, 0.363876435028562, 
0.276884698574677, 0.546053695004517, 0.169669347235317, 0.138917419998891, 
0.383045643613776, 0.0111574242430249, 0.0961584478861021, 0.109426543175642, 
0.118905773390272, 23.1585365853659, 135.642857142858, 0.170731707317073, 
0.922348004031565, 1.23639366911726, 0.14116025869184, 0.543008438248163, 
0.272737071113192, 0.864393530997305, 0.828517520215634, 0.835040431266846, 
0.876774483378257), .Names = c("overlapping.F1", "overlapping.F1v", 
"overlapping.F2", "overlapping.F3", "overlapping.F4", "neighborhood.N1", 
"neighborhood.N2", "neighborhood.N3", "neighborhood.N4", "neighborhood.T1", 
"neighborhood.LSCAvg", "linearity.L1", "linearity.L2", "linearity.L3", 
"dimensionality.T2", "dimensionality.T3", "dimensionality.T4", 
"balance.C1", "balance.C2", "network.Density", "network.ClsCoef", 
"network.Hubs", "ANN", "C4.5", "kNN", "SVM"))
