aux <-
structure(c(Inf, Inf, Inf, Inf, Inf, Inf, Inf, Inf, Inf, Inf, 
87.251765189595, 255.084797033117, 109.143664965854, 87.6265178177556, 
88.3250692823199, 89.3341096362505, 86.9365706611361, 88.5325554999904, 
96.3266550042096, 88.7567008527519, 0, 0, 0, 0, 0, 0, 0, 0, 0, 
0, 0.408888888888889, 0.422222222222222, 0.413333333333333, 0.411504424778761, 
0.413333333333333, 0.410714285714286, 0.411504424778761, 0.410714285714286, 
0.408888888888889, 0.408888888888889, 1, 1, 1, 1, 1, 1, 1, 1, 
1, 1, 0.00888888888888889, 0.0133333333333333, 0.00888888888888889, 
0.0176991150442478, 0.0222222222222222, 0.03125, 0.00884955752212389, 
0.0178571428571429, 0.00888888888888889, 0.00888888888888889, 
0.0485875706214689, 0.0550561797752809, 0.0404371584699454, 0.0506186726659168, 
0.0558659217877095, 0.0411568409343715, 0.0426008968609866, 0.0496054114994363, 
0.0419426048565121, 0.0473506200676437, 0.00444444444444444, 
0.00444444444444444, 0, 0.00442477876106195, 0.00888888888888889, 
0.00446428571428571, 0.00442477876106195, 0.00446428571428571, 
0.00444444444444444, 0.00444444444444444, 0.00444444444444444, 
0, 0, 0.00442477876106195, 0, 0, 0, 0, 0, 0, 0.08, 0.0755555555555556, 
0.0666666666666667, 0.084070796460177, 0.0755555555555556, 0.0669642857142857, 
0.079646017699115, 0.0803571428571429, 0.0666666666666667, 0.0711111111111111, 
0.185106172839506, 0.188582716049383, 0.20242962962963, 0.188366356018482, 
0.191802469135802, 0.19644850127551, 0.189286553371446, 0.187539859693878, 
0.199743209876543, 0.183012345679012, 0, 0, 0, 0, 0, 0, 0, 0, 
0, 0, 0, 0, 0, 0, 0, 0, 0, 0, 0, 0, 0, 0, 0, 0, 0.00444444444444447, 
0, 0.00884955752212391, 0, 0, 0, 17.3076923076923, 17.3076923076923, 
17.3076923076923, 17.3846153846154, 17.3076923076923, 17.2307692307692, 
17.3846153846154, 17.2307692307692, 17.3076923076923, 17.3076923076923, 
22.5, 22.5, 22.5, 22.6, 22.5, 22.4, 22.6, 22.4, 22.5, 22.5, 0.769230769230769, 
0.769230769230769, 0.769230769230769, 0.769230769230769, 0.769230769230769, 
0.769230769230769, 0.769230769230769, 0.769230769230769, 0.769230769230769, 
0.769230769230769, 0.984426897800011, 0.984426897800011, 0.984426897800011, 
0.985489309133103, 0.986263210363031, 0.985228136034252, 0.985489309133103, 
0.985228136034252, 0.984426897800011, 0.984426897800011, 1.04396802325581, 
1.04396802325581, 1.04396802325581, 1.04091744585631, 1.03870006443299, 
1.04166666666667, 1.04091744585631, 1.04166666666667, 1.04396802325581, 
1.04396802325581, 0.18031746031746, 0.177579365079365, 0.178571428571429, 
0.180019665683383, 0.178968253968254, 0.178851697629725, 0.177541789577188, 
0.181173926969891, 0.178849206349206, 0.179404761904762, 0.551614921833831, 
0.552435523557824, 0.55166920860871, 0.550247367477829, 0.550723104252867, 
0.548171851110871, 0.548541700572994, 0.550594514553451, 0.55225482977061, 
0.545892346537799, 0.218584443424245, 0.205981044382838, 0.221111564483648, 
0.226101428700987, 0.216729823510161, 0.213049778922526, 0.22184814485774, 
0.215725182139327, 0.217031149253195, 0.221909479558865, 1, 1, 
1, 1, 1, 1, 1, 1, 0.96, 1, 1, 0.88, 0.96, 1, 1, 1, 1, 1, 0.96, 
1, 1, 1, 0.96, 1, 1, 1, 1, 1, 0.96, 1, 1, 0.88, 1, 1, 1, 1, 1, 
1, 1, 1), .Dim = c(10L, 26L), .Dimnames = list(NULL, c("overlapping.F1", 
"overlapping.F1v", "overlapping.F2", "overlapping.F3", "overlapping.F4", 
"neighborhood.N1", "neighborhood.N2", "neighborhood.N3", "neighborhood.N4", 
"neighborhood.T1", "neighborhood.LSCAvg", "linearity.L1", "linearity.L2", 
"linearity.L3", "dimensionality.T2", "dimensionality.T3", "dimensionality.T4", 
"balance.C1", "balance.C2", "network.Density", "network.ClsCoef", 
"network.Hubs", "ANN", "C4.5", "kNN", "SVM")))
