aux <-
structure(c(Inf, 107.731840594298, 0, 0.411999297654165, 1, 0.0146766926534626, 
0.0473221877539272, 0.0044444795617362, 0.000886922320550639, 
0.0746593798286276, 0.191231781356919, 0, 0, 0.00132940019665684, 
17.3076923076923, 22.5, 0.769230769230769, 0.98498325896978, 
1.0423708405758, 0.179127755605066, 0.550214536827679, 0.217807203923353, 
0.996, 0.98, 0.992, 0.988), .Names = c("overlapping.F1", "overlapping.F1v", 
"overlapping.F2", "overlapping.F3", "overlapping.F4", "neighborhood.N1", 
"neighborhood.N2", "neighborhood.N3", "neighborhood.N4", "neighborhood.T1", 
"neighborhood.LSCAvg", "linearity.L1", "linearity.L2", "linearity.L3", 
"dimensionality.T2", "dimensionality.T3", "dimensionality.T4", 
"balance.C1", "balance.C2", "network.Density", "network.ClsCoef", 
"network.Hubs", "ANN", "C4.5", "kNN", "SVM"))
