aux <-
structure(c(0.0729687112096287, 0.0740485170073786, 0.0788896152103632, 
0.0748931807167154, 0.077648062310794, 0.0790847680953057, 0.0740695269053031, 
0.0760790300978285, 0.0749248927261939, 0.0713459097069231, 1.59278001725159, 
1.64271569665637, 1.64060061717629, 1.6220403623497, 1.68530083178679, 
1.59774466238543, 1.61952116573112, 1.63114650188443, 1.5983673096967, 
1.59910818689304, 9.94930493683407e-07, 8.79784351538715e-07, 
1.07194578040929e-06, 9.84551245613963e-07, 9.45751038048437e-07, 
8.74549987566699e-07, 8.40022917039769e-07, 9.08666869631157e-07, 
1.09709362812421e-06, 8.34938186663114e-07, 0.053761826100015, 
0.0538958114397238, 0.0528607899083947, 0.0567567567567568, 0.0550968323074613, 
0.0546546546546547, 0.0563063063063063, 0.054954954954955, 0.0539039039039039, 
0.057957957957958, 0.408319567502628, 0.412550668067858, 0.408770085598438, 
0.410810810810811, 0.411499774808587, 0.40975975975976, 0.412312312312312, 
0.409459459459459, 0.402702702702703, 0.407507507507508, 0.488661961255444, 
0.494220087074013, 0.488962306652651, 0.492642642642643, 0.493019066206275, 
0.491591591591592, 0.492642642642643, 0.486786786786787, 0.494294294294294, 
0.491591591591592, 0.873390768141, 0.873721486880717, 0.874950158562945, 
0.875354546143167, 0.87517878199875, 0.872040260015493, 0.874985179165573, 
0.871824979375466, 0.87562358371165, 0.873824754670955, 0.278119837813485, 
0.279237351748987, 0.277819492416279, 0.280630630630631, 0.281939648701396, 
0.27987987987988, 0.280630630630631, 0.275975975975976, 0.280930930930931, 
0.281081081081081, 0.244931671422135, 0.243807236150728, 0.240126145066827, 
0.246396396396396, 0.247110043537006, 0.239489489489489, 0.247297297297297, 
0.227927927927928, 0.245495495495495, 0.246696696696697, 0.888872203033488, 
0.868037832157334, 0.880012013815888, 0.877627627627628, 0.880798678877045, 
0.854654654654655, 0.876726726726727, 0.873723723723724, 0.875375375375375, 
0.873873873873874, 0.0151003733885499, 0.0153618340189071, 0.0143493745844965, 
0.0149017035053071, 0.0145993633696884, 0.016381787192598, 0.0147086275464654, 
0.0155692404115828, 0.014412069727385, 0.0153416704993282, 0.187418587085935, 
0.186223165429707, 0.185963429743273, 0.186148981279389, 0.186032904268816, 
0.187575223549219, 0.18574254765661, 0.188524423354487, 0.187390163347039, 
0.188253445140149, 0.236672172998949, 0.23194715508182, 0.232767682835261, 
0.234084084084084, 0.22924485812941, 0.234834834834835, 0.232432432432432, 
0.233483483483483, 0.235285285285285, 0.235135135135135, 0.191320018020724, 
0.18105389581144, 0.186364318966812, 0.186336336336336, 0.191863083621078, 
0.195195195195195, 0.187987987987988, 0.185435435435435, 0.190690690690691, 
0.193543543543544, 332.95, 333.05, 332.95, 333, 333.05, 333, 
333, 333, 333, 333, 350.473684210526, 350.578947368421, 350.473684210526, 
350.526315789474, 350.578947368421, 350.526315789474, 350.526315789474, 
350.526315789474, 350.526315789474, 350.526315789474, 0.95, 0.95, 
0.95, 0.95, 0.95, 0.95, 0.95, 0.95, 0.95, 0.95, 0.99993126781922, 
0.999931309088071, 0.99993126781922, 0.99992915795905, 0.999931309088071, 
0.99992915795905, 0.99993338642878, 0.99993338642878, 0.99993338642878, 
0.99993338642878, 1.00019058120185, 1.00019046676213, 1.00019058120185, 
1.0001964319197, 1.00019046676213, 1.0001964319197, 1.00018470625032, 
1.00018470625032, 1.00018470625032, 1.00018470625032, 0.119525423597305, 
0.119644716026641, 0.119526596469088, 0.11964687318344, 0.119653822866554, 
0.119351668833573, 0.119589419724575, 0.119501841532176, 0.119560016541545, 
0.119577514141262, 0.492702306057627, 0.49240179584908, 0.491872621752699, 
0.493046642877837, 0.491403888175223, 0.492759914202188, 0.492617056914109, 
0.491844344651988, 0.491755178308451, 0.492733891361504, 0.224688158111485, 
0.224609719132942, 0.22392445434855, 0.225406758350647, 0.224061303793638, 
0.224709088164074, 0.224890196115849, 0.224927918068742, 0.224607731432139, 
0.224992886273928, 0.900134952766532, 0.91339648173207, 0.910931174089069, 
0.914864864864865, 0.914749661705007, 0.902702702702703, 0.913513513513514, 
0.901351351351351, 0.917567567567568, 0.914864864864865, 0.917678812415655, 
0.89851150202977, 0.904183535762483, 0.902702702702703, 0.895805142083897, 
0.902702702702703, 0.910810810810811, 0.893243243243243, 0.910810810810811, 
0.92027027027027, 0.753036437246964, 0.74424898511502, 0.746288798920378, 
0.744594594594595, 0.748308525033829, 0.758108108108108, 0.744594594594595, 
0.732432432432432, 0.77972972972973, 0.77027027027027, 0.973009446693657, 
0.976995940460081, 0.977058029689609, 0.981081081081081, 0.98105548037889, 
0.963513513513514, 0.978378378378378, 0.983783783783784, 0.982432432432432, 
0.982432432432432), .Dim = c(10L, 26L), .Dimnames = list(NULL, 
    c("overlapping.F1", "overlapping.F1v", "overlapping.F2", 
    "overlapping.F3", "overlapping.F4", "neighborhood.N1", "neighborhood.N2", 
    "neighborhood.N3", "neighborhood.N4", "neighborhood.T1", 
    "neighborhood.LSCAvg", "linearity.L1", "linearity.L2", "linearity.L3", 
    "dimensionality.T2", "dimensionality.T3", "dimensionality.T4", 
    "balance.C1", "balance.C2", "network.Density", "network.ClsCoef", 
    "network.Hubs", "ANN", "C4.5", "kNN", "SVM")))
