aux <-
structure(c(0.0753952213986434, 1.62293253518115, 9.43223449831876e-07, 
0.0550149794290129, 0.409369264853006, 0.491441297073793, 0.874089449866572, 
0.279624545980928, 0.242927839948, 0.874970270986574, 0.0150726044244308, 
0.186927287085462, 0.233588712430069, 0.188979050560924, 333, 
350.526315789474, 0.95, 0.99993170154478, 1.00018937847686, 0.119557789291616, 
0.492313764015071, 0.224681821379199, 0.910407713515754, 0.905671953283235, 
0.752161247604592, 0.977974051884386), .Names = c("overlapping.F1", 
"overlapping.F1v", "overlapping.F2", "overlapping.F3", "overlapping.F4", 
"neighborhood.N1", "neighborhood.N2", "neighborhood.N3", "neighborhood.N4", 
"neighborhood.T1", "neighborhood.LSCAvg", "linearity.L1", "linearity.L2", 
"linearity.L3", "dimensionality.T2", "dimensionality.T3", "dimensionality.T4", 
"balance.C1", "balance.C2", "network.Density", "network.ClsCoef", 
"network.Hubs", "ANN", "C4.5", "kNN", "SVM"))
