aux <-
structure(c(10.2658336252037, 10.43477524575, 11.0863202791774, 
10.5487099714616, 10.7411364487881, 12.2805631771526, 11.507352252878, 
10.7874389448518, 9.86573023764837, 10.4436267805157, 10.0710704833454, 
10.2465850762957, 10.1874611775727, 10.1477659983021, 10.0751098859514, 
9.98827870665509, 10.3194551146743, 9.99720943089015, 9.87257357541422, 
10.6573284958825, 0.197898625573934, 0.196756989655778, 0.184518362232863, 
0.129270536880778, 0.183743559405646, 0.186624644808006, 0.183880452752071, 
0.181627725774285, 0.196293244292127, 0.186916159894472, 0.55721538806304, 
0.557518299593108, 0.555515214714925, 0.585435191145631, 0.558124813631883, 
0.557777646987517, 0.55682131522709, 0.568301872737212, 0.555579704210855, 
0.556285216000067, 1, 1, 1, 0.999541914796152, 1, 1, 1, 1, 1, 
1, 0.147046843177189, 0.147484212670605, 0.147687920146669, 0.141926287925066, 
0.152545824847251, 0.143962533088984, 0.148442272449603, 0.152483713355049, 
0.14925677051517, 0.146028513238289, 0.323949492684114, 0.330017259818788, 
0.324309609861419, 0.320081700909327, 0.330422340342122, 0.326454022937775, 
0.328927083491383, 0.332047095541113, 0.32715493897256, 0.327947146092869, 
0.0725050916496945, 0.0735383988592381, 0.0737421063353025, 0.0712685807371208, 
0.0767820773930754, 0.0712685807371208, 0.0739156994502138, 0.0777687296416938, 
0.073712074933822, 0.0755600814663951, 0.233604887983707, 0.215318802200041, 
0.213485434915461, 0.225819588678477, 0.222403258655804, 0.233760944817756, 
0.218489106088373, 0.218851791530945, 0.22846670739157, 0.231160896130346, 
0.237678207739308, 0.243023018944795, 0.246689753513954, 0.237833435145592, 
0.246232179226069, 0.242516799022602, 0.241498676440643, 0.248167752442997, 
0.246385664834046, 0.243380855397149, 0.00439615730812466, 0.00415726748310388, 
0.00416627227477346, 0.00426023453679942, 0.00419784221900523, 
0.00416030884254078, 0.00413294329971476, 0.00410436218156161, 
0.0041337310956446, 0.00415939041235104, 0.0791042225616359, 
0.078475304091238, 0.0786993961476812, 0.0791782644178189, 0.0793150799274775, 
0.0796214431975184, 0.0756075085875269, 0.078813360934864, 0.0794605045485519, 
0.0778375578361917, 0.0860672518003786, 0.0864650208786699, 0.0881960543157127, 
0.088431008413558, 0.0887129689812721, 0.0875011409674904, 0.0872056117480817, 
0.0877063431022992, 0.0867281794317219, 0.0870753610141379, 0.0687581854792184, 
0.0694004088625318, 0.069004702134038, 0.0685979689886673, 0.0694086812895363, 
0.0703837591365079, 0.0706222864275017, 0.0707930027615888, 0.0684141274458086, 
0.068868372524638, 204.583333333333, 204.541666666667, 204.541666666667, 
204.625, 204.583333333333, 204.625, 204.625, 204.666666666667, 
204.625, 204.583333333333, 245.5, 245.45, 245.45, 245.55, 245.5, 
245.55, 245.55, 245.6, 245.55, 245.5, 0.833333333333333, 0.833333333333333, 
0.833333333333333, 0.833333333333333, 0.833333333333333, 0.833333333333333, 
0.833333333333333, 0.833333333333333, 0.833333333333333, 0.833333333333333, 
0.857217033921199, 0.857258552918378, 0.857258552918378, 0.857327126594946, 
0.857217033921199, 0.857599499561802, 0.857319765678685, 0.857421172715455, 
0.857327126594946, 0.857217033921199, 1.15880592320437, 1.15874692108475, 
1.15874692108475, 1.1586196068712, 1.15880592320437, 1.15838959336857, 
1.15864675893961, 1.15863928340918, 1.1586196068712, 1.15880592320437, 
0.0825946275161089, 0.082625296284804, 0.0824614337918329, 0.0823612647280452, 
0.0826283989795542, 0.0824437098479203, 0.0822222526345736, 0.0824999320146159, 
0.0826372153455749, 0.0823080264479515, 0.577768551401544, 0.578907506845513, 
0.577547029531681, 0.578698533044231, 0.579487888561852, 0.578347158561235, 
0.577838646685726, 0.578384335803366, 0.579566326811104, 0.579358407555387, 
0.138125906018094, 0.138853547554444, 0.140434036740261, 0.13941166725855, 
0.142408168411276, 0.138514392821873, 0.139472124354649, 0.141014877222073, 
0.139629890799656, 0.139865815075381, 0.908424908424908, 0.877513711151737, 
0.903107861060329, 0.900917431192661, 0.862637362637363, 0.871559633027523, 
0.878899082568807, 0.915441176470588, 0.906422018348624, 0.913919413919414, 
0.994505494505495, 1, 0.992687385740402, 0.996330275229358, 0.992673992673993, 
1, 0.996330275229358, 0.990808823529412, 0.994495412844037, 1, 
0.875457875457875, 0.884826325411335, 0.868372943327239, 0.855045871559633, 
0.899267399267399, 0.884403669724771, 0.897247706422018, 0.904411764705882, 
0.908256880733945, 0.875457875457875, 0.86996336996337, 0.853747714808044, 
0.886654478976234, 0.900917431192661, 0.880952380952381, 0.884403669724771, 
0.913761467889908, 0.904411764705882, 0.891743119266055, 0.899267399267399
), .Dim = c(10L, 26L), .Dimnames = list(NULL, c("overlapping.F1", 
"overlapping.F1v", "overlapping.F2", "overlapping.F3", "overlapping.F4", 
"neighborhood.N1", "neighborhood.N2", "neighborhood.N3", "neighborhood.N4", 
"neighborhood.T1", "neighborhood.LSCAvg", "linearity.L1", "linearity.L2", 
"linearity.L3", "dimensionality.T2", "dimensionality.T3", "dimensionality.T4", 
"balance.C1", "balance.C2", "network.Density", "network.ClsCoef", 
"network.Hubs", "ANN", "C4.5", "kNN", "SVM")))
