aux <-
structure(c(10.7961486963427, 10.1562837944984, 0.182753030126996, 
0.560857466231133, 0.999954191479615, 0.147686489141387, 0.327131069065147, 
0.0740061421203677, 0.224136141839248, 0.243340634270716, 0.00418685096536194, 
0.0786112642250504, 0.0874088940653322, 0.0694251495050037, 204.6, 
245.52, 0.833333333333333, 0.857316289874619, 1.15868264612424, 
0.0824782157590981, 0.578590438480164, 0.139773042625626, 0.893884259880195, 
0.995783165975206, 0.885274831206797, 0.888582279674671), .Names = c("overlapping.F1", 
"overlapping.F1v", "overlapping.F2", "overlapping.F3", "overlapping.F4", 
"neighborhood.N1", "neighborhood.N2", "neighborhood.N3", "neighborhood.N4", 
"neighborhood.T1", "neighborhood.LSCAvg", "linearity.L1", "linearity.L2", 
"linearity.L3", "dimensionality.T2", "dimensionality.T3", "dimensionality.T4", 
"balance.C1", "balance.C2", "network.Density", "network.ClsCoef", 
"network.Hubs", "ANN", "C4.5", "kNN", "SVM"))
