aux <-
structure(c(0.569541510604706, 1.37148636950824, 0.325892973196443, 
0.0553116311399444, 0.102931533827618, 0.515636005560704, 0.885518324524897, 
0.3573812557924, 0.249162418906395, 0.770088044485635, 0.0116093430049062, 
0.174182151468172, 0.264794949026877, 0.20780062557924, 41.58, 
103.95, 0.4, 0.930738750521323, 1.20865123724767, 0.118642418055723, 
0.618104382046345, 0.221771172911587, 0.700925069380204, 0.701017576318224, 
0.634042553191489, 0.716419981498612), .Names = c("overlapping.F1", 
"overlapping.F1v", "overlapping.F2", "overlapping.F3", "overlapping.F4", 
"neighborhood.N1", "neighborhood.N2", "neighborhood.N3", "neighborhood.N4", 
"neighborhood.T1", "neighborhood.LSCAvg", "linearity.L1", "linearity.L2", 
"linearity.L3", "dimensionality.T2", "dimensionality.T3", "dimensionality.T4", 
"balance.C1", "balance.C2", "network.Density", "network.ClsCoef", 
"network.Hubs", "ANN", "C4.5", "kNN", "SVM"))
