aux <-
structure(c(0.531179502631505, 0.709181644451553, 0.591900900414667, 
0.513193318519158, 0.59078572408241, 0.572132758723995, 0.573143831537375, 
0.53126349586411, 0.544982200099313, 0.537651729722972, 1.29077763954754, 
1.47916369691326, 1.40007567078588, 1.30055036356546, 1.28052666775545, 
1.42485376943148, 1.4609601280561, 1.31163506448818, 1.42347516796875, 
1.3428455265703, 0.253885628714944, 0.313412868105275, 0.253094147500945, 
0.292405105630277, 0.308574411800211, 0.393488194807354, 0.333764159702269, 
0.342615471702661, 0.358953907604327, 0.408735836396168, 0.0504807692307692, 
0.110576923076923, 0.0528846153846154, 0.0456730769230769, 0.0481927710843374, 
0.0480769230769231, 0.0552884615384615, 0.0481927710843374, 0.0456730769230769, 
0.0480769230769231, 0.0913461538461538, 0.165865384615385, 0.100961538461538, 
0.09375, 0.0963855421686747, 0.0913461538461538, 0.105769230769231, 
0.0987951807228916, 0.0961538461538462, 0.0889423076923077, 0.516826923076923, 
0.516826923076923, 0.497596153846154, 0.507211538461538, 0.52289156626506, 
0.497596153846154, 0.521634615384615, 0.52289156626506, 0.526442307692308, 
0.526442307692308, 0.880653331195635, 0.844884789211512, 0.880612796712399, 
0.895465671659025, 0.893659364827699, 0.882407548187843, 0.898134898634313, 
0.889735001667728, 0.895935237744893, 0.893694605407921, 0.350961538461538, 
0.355769230769231, 0.341346153846154, 0.346153846153846, 0.36144578313253, 
0.355769230769231, 0.379807692307692, 0.344578313253012, 0.375, 
0.362980769230769, 0.25, 0.257211538461538, 0.221153846153846, 
0.288461538461538, 0.231325301204819, 0.230769230769231, 0.245192307692308, 
0.28433734939759, 0.225961538461538, 0.257211538461538, 0.759615384615385, 
0.766826923076923, 0.754807692307692, 0.790865384615385, 0.795180722891566, 
0.764423076923077, 0.759615384615385, 0.771084337349398, 0.754807692307692, 
0.783653846153846, 0.0106208394970414, 0.0174683339497041, 0.0117996486686391, 
0.0104648206360947, 0.0101379010015967, 0.0114876109467456, 0.0113778198964497, 
0.0111191754971694, 0.0107248520710059, 0.0108924278846154, 0.175874550825411, 
0.169110898121606, 0.163828459838864, 0.177790176697105, 0.172114126384764, 
0.173116683482908, 0.177396074376741, 0.179603390956697, 0.180558643860884, 
0.172428510136744, 0.274038461538462, 0.262019230769231, 0.264423076923077, 
0.264423076923077, 0.274698795180723, 0.266826923076923, 0.25, 
0.272289156626506, 0.259615384615385, 0.259615384615385, 0.247596153846154, 
0.197115384615385, 0.170673076923077, 0.247596153846154, 0.228915662650602, 
0.194711538461538, 0.189903846153846, 0.221686746987952, 0.216346153846154, 
0.163461538461538, 41.6, 41.6, 41.6, 41.6, 41.5, 41.6, 41.6, 
41.5, 41.6, 41.6, 104, 104, 104, 104, 103.75, 104, 104, 103.75, 
104, 104, 0.4, 0.4, 0.4, 0.4, 0.4, 0.4, 0.4, 0.4, 0.4, 0.4, 0.930586129131993, 
0.930586129131993, 0.930586129131993, 0.930586129131993, 0.931349236078643, 
0.930586129131993, 0.930586129131993, 0.931349236078643, 0.930586129131993, 
0.930586129131993, 1.20915032679739, 1.20915032679739, 1.20915032679739, 
1.20915032679739, 1.20665487904879, 1.20915032679739, 1.20915032679739, 
1.20665487904879, 1.20915032679739, 1.20915032679739, 0.117284522706209, 
0.119485634847081, 0.118396663577386, 0.118524096385542, 0.118107211454514, 
0.118477757182576, 0.119184430027804, 0.118363308305687, 0.119520389249305, 
0.119080166821131, 0.622442204710697, 0.618349335929785, 0.617814817836455, 
0.619149944194349, 0.620858811923531, 0.61924904917613, 0.619321134158159, 
0.618130867161044, 0.611532129783347, 0.614195525589948, 0.215806134954545, 
0.221368759455495, 0.233578925922912, 0.224100045395663, 0.216950817631429, 
0.219419841813934, 0.212889408146376, 0.226439241040396, 0.228005798821189, 
0.219152755933928, 0.717391304347826, 0.673913043478261, 0.630434782608696, 
0.739130434782609, 0.765957446808511, 0.652173913043478, 0.717391304347826, 
0.808510638297872, 0.630434782608696, 0.673913043478261, 0.717391304347826, 
0.58695652173913, 0.717391304347826, 0.760869565217391, 0.829787234042553, 
0.673913043478261, 0.695652173913043, 0.702127659574468, 0.652173913043478, 
0.673913043478261, 0.608695652173913, 0.630434782608696, 0.5, 
0.717391304347826, 0.617021276595745, 0.608695652173913, 0.652173913043478, 
0.723404255319149, 0.630434782608696, 0.652173913043478, 0.760869565217391, 
0.760869565217391, 0.760869565217391, 0.717391304347826, 0.74468085106383, 
0.673913043478261, 0.630434782608696, 0.702127659574468, 0.695652173913043, 
0.717391304347826), .Dim = c(10L, 26L), .Dimnames = list(NULL, 
    c("overlapping.F1", "overlapping.F1v", "overlapping.F2", 
    "overlapping.F3", "overlapping.F4", "neighborhood.N1", "neighborhood.N2", 
    "neighborhood.N3", "neighborhood.N4", "neighborhood.T1", 
    "neighborhood.LSCAvg", "linearity.L1", "linearity.L2", "linearity.L3", 
    "dimensionality.T2", "dimensionality.T3", "dimensionality.T4", 
    "balance.C1", "balance.C2", "network.Density", "network.ClsCoef", 
    "network.Hubs", "ANN", "C4.5", "kNN", "SVM")))
