aux <-
structure(c(124.926388623198, 171.763203657554, 3.53481237970047e-06, 
0.555475308641975, 0.999555555555556, 0.304111111111111, 0.802848686284124, 
0.198222222222222, 0.00716666666666667, 0.840722222222222, 0.0111786111111111, 
0.00369701477758663, 0.00456172839506173, 0.0129876543209877, 
23.6842105263158, 36, 0.657894736842105, 1, 1, 0.0610237786424557, 
0.809852758302506, 0.0952623659606583, 0.828, 0.754, 0.7905, 
0.834), .Names = c("overlapping.F1", "overlapping.F1v", "overlapping.F2", 
"overlapping.F3", "overlapping.F4", "neighborhood.N1", "neighborhood.N2", 
"neighborhood.N3", "neighborhood.N4", "neighborhood.T1", "neighborhood.LSCAvg", 
"linearity.L1", "linearity.L2", "linearity.L3", "dimensionality.T2", 
"dimensionality.T3", "dimensionality.T4", "balance.C1", "balance.C2", 
"network.Density", "network.ClsCoef", "network.Hubs", "ANN", 
"C4.5", "kNN", "SVM"))
