aux <-
structure(c(130.829501044015, 120.955003700539, 121.539208161651, 
138.871230314877, 130.584169398976, 127.920154056962, 118.981207325614, 
118.325086868896, 123.24622814892, 118.012097211531, 170.855643038829, 
171.836647786405, 167.655652396211, 184.812039038372, 174.780262546664, 
177.705516179042, 169.690361440395, 165.864304059103, 169.965200566117, 
164.466409524407, 2.52607482947652e-06, 1.22064987327063e-06, 
4.12620532355505e-06, 4.25137280361619e-06, 1.3794365517137e-06, 
3.96687363576952e-06, 4.22476341342213e-06, 3.42319085610902e-06, 
6.53820589990925e-06, 3.69135061016266e-06, 0.557345679012346, 
0.565679012345679, 0.571049382716049, 0.555740740740741, 0.563333333333333, 
0.555740740740741, 0.539012345679012, 0.550308641975309, 0.537530864197531, 
0.559012345679012, 0.999444444444444, 0.998641975308642, 0.99962962962963, 
0.999444444444444, 1, 0.999197530864197, 0.999567901234568, 1, 
0.999814814814815, 0.999814814814815, 0.305555555555556, 0.311666666666667, 
0.302777777777778, 0.302777777777778, 0.303888888888889, 0.302222222222222, 
0.303333333333333, 0.304444444444444, 0.302777777777778, 0.301666666666667, 
0.80056471435689, 0.80526833037949, 0.801914221238028, 0.804966687554407, 
0.800100651671598, 0.802545273997784, 0.804941614076403, 0.801717481779377, 
0.801112388109453, 0.805355499677809, 0.203333333333333, 0.206111111111111, 
0.193333333333333, 0.198333333333333, 0.194444444444444, 0.192222222222222, 
0.200555555555556, 0.198888888888889, 0.190555555555556, 0.204444444444444, 
0.00666666666666667, 0.00777777777777778, 0.00777777777777778, 
0.00888888888888889, 0.00833333333333333, 0.00555555555555556, 
0.00555555555555556, 0.01, 0.00666666666666667, 0.00444444444444444, 
0.848888888888889, 0.846666666666667, 0.837222222222222, 0.837777777777778, 
0.842222222222222, 0.837777777777778, 0.832777777777778, 0.845555555555556, 
0.846666666666667, 0.831666666666667, 0.0113024691358025, 0.0109861111111111, 
0.0109345679012346, 0.0112, 0.0113132716049383, 0.0112570987654321, 
0.0114240740740741, 0.0111385802469136, 0.011104012345679, 0.0111259259259259, 
0.00357727790574614, 0.00391273846222793, 0.00386577336356708, 
0.00329852039404687, 0.0038789598470625, 0.0036891464535852, 
0.00377694948302734, 0.00381101495043207, 0.00351779716975225, 
0.00364196974641888, 0.00462962962962963, 0.00475308641975308, 
0.00462962962962963, 0.00481481481481481, 0.00444444444444444, 
0.00487654320987654, 0.00444444444444444, 0.00469135802469136, 
0.00419753086419753, 0.0041358024691358, 0.0141975308641975, 
0.012037037037037, 0.0130246913580247, 0.0117901234567901, 0.0131481481481481, 
0.0134567901234568, 0.0118518518518519, 0.0151234567901235, 0.012962962962963, 
0.0122839506172839, 23.6842105263158, 23.6842105263158, 23.6842105263158, 
23.6842105263158, 23.6842105263158, 23.6842105263158, 23.6842105263158, 
23.6842105263158, 23.6842105263158, 23.6842105263158, 36, 36, 
36, 36, 36, 36, 36, 36, 36, 36, 0.657894736842105, 0.657894736842105, 
0.657894736842105, 0.657894736842105, 0.657894736842105, 0.657894736842105, 
0.657894736842105, 0.657894736842105, 0.657894736842105, 0.657894736842105, 
1, 1, 1, 1, 1, 1, 1, 1, 1, 1, 1, 1, 1, 1, 1, 1, 1, 1, 1, 1, 0.0612587239824594, 
0.0609925267123711, 0.0610555246742017, 0.0610215551849793, 0.0611314928046446, 
0.0609591748502254, 0.0611926378852449, 0.0606639491075289, 0.0609758507812983, 
0.0609863504416034, 0.809486457423001, 0.809908076059387, 0.809601780373296, 
0.809619574694335, 0.810809532966156, 0.808453199290911, 0.810004550767831, 
0.808072326097452, 0.811184358186384, 0.811387727166309, 0.0953115204577243, 
0.095378956612923, 0.0954259023829606, 0.0949817310972281, 0.0954109548914141, 
0.0954083538150309, 0.0955107468290385, 0.0949206358327187, 0.0951064705880976, 
0.0951683870994472, 0.84, 0.825, 0.835, 0.78, 0.82, 0.845, 0.8, 
0.865, 0.85, 0.82, 0.73, 0.72, 0.76, 0.74, 0.765, 0.75, 0.73, 
0.785, 0.755, 0.805, 0.78, 0.82, 0.755, 0.78, 0.77, 0.815, 0.835, 
0.79, 0.775, 0.785, 0.825, 0.84, 0.845, 0.84, 0.815, 0.845, 0.825, 
0.84, 0.81, 0.855), .Dim = c(10L, 26L), .Dimnames = list(NULL, 
    c("overlapping.F1", "overlapping.F1v", "overlapping.F2", 
    "overlapping.F3", "overlapping.F4", "neighborhood.N1", "neighborhood.N2", 
    "neighborhood.N3", "neighborhood.N4", "neighborhood.T1", 
    "neighborhood.LSCAvg", "linearity.L1", "linearity.L2", "linearity.L3", 
    "dimensionality.T2", "dimensionality.T3", "dimensionality.T4", 
    "balance.C1", "balance.C2", "network.Density", "network.ClsCoef", 
    "network.Hubs", "ANN", "C4.5", "kNN", "SVM")))
