aux <-
structure(c(Inf, Inf, Inf, Inf, Inf, Inf, Inf, Inf, Inf, Inf, 
679.365237682939, 731.637630738319, 738.881062414011, 722.587081363711, 
758.29285881358, 718.883561256561, 702.754665379671, 662.359909629309, 
653.266402138411, 702.214120860044, 0.0222222222222222, 0.0222222222222222, 
0.0222222222222222, 0.0222222222222222, 0.0222222222222222, 0.0222222222222222, 
0.0222222222222222, 0.0222222222222222, 0, 0.0222222222222222, 
0.246622691203763, 0.255919083923041, 0.251001526872468, 0.245317308647052, 
0.256406113446037, 0.24618508243582, 0.248108951207033, 0.245583597706481, 
0.282928902032284, 0.255388633246826, 0.83074605142436, 0.833720103723039, 
0.850632327138323, 0.8454547533988, 0.832435335177283, 0.847881191219926, 
0.847310759029861, 0.831701025728312, 0.858580932852877, 0.838009198558608, 
0.195258019525802, 0.193300767620377, 0.200976971388695, 0.194560669456067, 
0.189811584089323, 0.204608938547486, 0.200696864111498, 0.188981868898187, 
0.193728222996516, 0.184797768479777, 0.681163455020819, 0.682640823743186, 
0.68756076220105, 0.683603612351913, 0.680114501492174, 0.685022482726686, 
0.682419247318344, 0.686443346412828, 0.681812665355955, 0.681259971957646, 
0.0781032078103208, 0.0823447313328681, 0.0886252616887648, 0.0857740585774059, 
0.0879274249825541, 0.0921787709497207, 0.0850174216027875, 0.0850767085076709, 
0.089198606271777, 0.0788005578800558, 0, 0, 0, 0, 0, 0, 0, 0, 
0, 0, 0.759414225941423, 0.756454989532449, 0.759246336357292, 
0.758716875871688, 0.752267969295185, 0.756284916201117, 0.754006968641115, 
0.763598326359833, 0.761672473867596, 0.751743375174338, 0.0104398265669952, 
0.0103789209486878, 0.0102065314204264, 0.0103746627529474, 0.010423722746993, 
0.0100286546924253, 0.0103475822214668, 0.0102963689166662, 0.0103752625380908, 
0.0105288189399112, 0, 0, 0, 0, 0, 0, 0, 0, 0, 0, 0, 0, 0, 0, 
0, 0, 0, 0, 0, 0, 0, 0, 0, 0, 0, 0, 0, 0, 0, 0, 5.6015625, 5.59765625, 
5.59765625, 5.6015625, 5.59765625, 5.59375, 5.60546875, 5.6015625, 
5.60546875, 5.6015625, 9.0188679245283, 9.0125786163522, 8.95625, 
9.0188679245283, 9.0125786163522, 9.0062893081761, 9.0251572327044, 
9.0188679245283, 9.0251572327044, 9.0188679245283, 0.62109375, 
0.62109375, 0.625, 0.62109375, 0.62109375, 0.62109375, 0.62109375, 
0.62109375, 0.62109375, 0.62109375, 0.999967859289246, 0.999959585352431, 
0.999972347990828, 0.999961415289612, 0.999959585352431, 0.999964283049417, 
0.999969893234398, 0.999969962467868, 0.999963439027823, 0.999972080354271, 
1.00001824419201, 1.00002288296209, 1.00001568183056, 1.00002182638216, 
1.00002288296209, 1.0000202035033, 1.00001707694197, 1.00001704178144, 
1.00002065054057, 1.00001584216284, 0.0571282024329877, 0.0570150132355062, 
0.0567733044322377, 0.056710668336803, 0.0568785647175321, 0.0571112906940882, 
0.0571739584700091, 0.0567067752449971, 0.0573430719363978, 0.0573637344872457, 
0.750803702734217, 0.748556289197524, 0.745974179564275, 0.748499644965205, 
0.748529211800819, 0.746603419296551, 0.749341536909541, 0.745215483236338, 
0.750294639376513, 0.750770599228786, 0.0862739128756321, 0.0853582384119763, 
0.0852694584450782, 0.0855977492742855, 0.0861902392613322, 0.0854702251794555, 
0.0858950597063391, 0.0846288900693568, 0.0855693924849539, 0.0859521940393126, 
0.924528301886792, 0.9375, 0.925, 0.962264150943396, 0.93125, 
0.937888198757764, 0.905063291139241, 0.943396226415094, 0.949367088607595, 
0.930817610062893, 0.792452830188679, 0.7375, 0.7375, 0.786163522012579, 
0.75625, 0.726708074534162, 0.784810126582278, 0.767295597484277, 
0.778481012658228, 0.735849056603774, 0.918238993710692, 0.89375, 
0.9375, 0.924528301886792, 0.9, 0.919254658385093, 0.892405063291139, 
0.924528301886792, 0.905063291139241, 0.924528301886792, 0.955974842767296, 
0.9625, 0.95625, 0.981132075471698, 0.95625, 0.962732919254658, 
0.911392405063291, 0.968553459119497, 0.955696202531646, 0.930817610062893
), .Dim = c(10L, 26L), .Dimnames = list(NULL, c("overlapping.F1", 
"overlapping.F1v", "overlapping.F2", "overlapping.F3", "overlapping.F4", 
"neighborhood.N1", "neighborhood.N2", "neighborhood.N3", "neighborhood.N4", 
"neighborhood.T1", "neighborhood.LSCAvg", "linearity.L1", "linearity.L2", 
"linearity.L3", "dimensionality.T2", "dimensionality.T3", "dimensionality.T4", 
"balance.C1", "balance.C2", "network.Density", "network.ClsCoef", 
"network.Hubs", "ANN", "C4.5", "kNN", "SVM")))
