aux <-
structure(c(Inf, 0.31700863092478, 0, 0.207739479930963, 1, 0.0495730566698801, 
0.374027223067548, 0.0109907288723326, 0.163089148081989, 0.31060743753014, 
0.0286737819799173, 0, 0, 0.0606799385985746, 52.9363636363636, 
1746.9, 0.0303030303030303, 0.931112181516772, 1.20742971103339, 
0.117985079284507, 0.721561651432975, 0.171004942883832, 1, 1, 
0.990206158174216, 0.996907216494845), .Names = c("overlapping.F1", 
"overlapping.F1v", "overlapping.F2", "overlapping.F3", "overlapping.F4", 
"neighborhood.N1", "neighborhood.N2", "neighborhood.N3", "neighborhood.N4", 
"neighborhood.T1", "neighborhood.LSCAvg", "linearity.L1", "linearity.L2", 
"linearity.L3", "dimensionality.T2", "dimensionality.T3", "dimensionality.T4", 
"balance.C1", "balance.C2", "network.Density", "network.ClsCoef", 
"network.Hubs", "ANN", "C4.5", "kNN", "SVM"))
