aux <-
structure(c(Inf, Inf, Inf, Inf, Inf, Inf, Inf, Inf, Inf, Inf, 
0.315476280831281, 0.304740420350202, 0.290309779034562, 0.311389824430087, 
0.319753880185047, 0.318563838294868, 0.334491731057951, 0.304252727119259, 
0.347890856393718, 0.323216971550825, 0, 0, 0, 0, 0, 0, 0, 0, 
0, 0, 0.208476517754868, 0.207212364052662, 0.20766590389016, 
0.211791642816256, 0.203205495134516, 0.207903780068729, 0.209502003434459, 
0.203205495134516, 0.20835718374356, 0.210074413279908, 1, 1, 
1, 1, 1, 1, 1, 1, 1, 1, 0.0475372279495991, 0.0480824270177447, 
0.0549199084668192, 0.046937607326846, 0.0475100171722954, 0.0486827033218786, 
0.0509444762449914, 0.048654836863194, 0.0492272467086434, 0.0532341156267888, 
0.377007032596119, 0.370908104236298, 0.378569946378161, 0.373220057999724, 
0.374088775452613, 0.373292143010293, 0.373587339001863, 0.378749501867873, 
0.36597687476913, 0.374872455363404, 0.00973654066437572, 0.0108757870635375, 
0.0131578947368421, 0.00915855752718947, 0.0103033772180882, 
0.011454753722795, 0.0120206067544362, 0.0114481969089868, 0.00915855752718947, 
0.0125930165998855, 0.164948453608247, 0.172295363480252, 0.155034324942792, 
0.159702346880366, 0.166571265025758, 0.157502863688431, 0.155123068116772, 
0.171722953634803, 0.15626788780767, 0.171722953634803, 0.315578465063001, 
0.305666857469948, 0.318077803203661, 0.307956496851746, 0.305666857469948, 
0.314432989690722, 0.307384087006296, 0.318259874069834, 0.306239267315398, 
0.306811677160847, 0.0283679009721451, 0.0282289469002221, 0.0276445391660427, 
0.0283760631112163, 0.0287178052227238, 0.0291827236596429, 0.0286562064528643, 
0.0284393001462315, 0.0303236327284749, 0.0288007014396091, 0, 
0, 0, 0, 0, 0, 0, 0, 0, 0, 0, 0, 0, 0, 0, 0, 0, 0, 0, 0, 0.0664375715922108, 
0.0612478534630796, 0.0543478260869565, 0.0612478534630796, 0.0515168860904408, 
0.0664375715922108, 0.0618202633085289, 0.0629650829994276, 0.0646823125357756, 
0.0560961648540355, 52.9090909090909, 52.9393939393939, 52.969696969697, 
52.9393939393939, 52.9393939393939, 52.9090909090909, 52.9393939393939, 
52.9393939393939, 52.9393939393939, 52.9393939393939, 1746, 1747, 
1748, 1747, 1747, 1746, 1747, 1747, 1747, 1747, 0.0303030303030303, 
0.0303030303030303, 0.0303030303030303, 0.0303030303030303, 0.0303030303030303, 
0.0303030303030303, 0.0303030303030303, 0.0303030303030303, 0.0303030303030303, 
0.0303030303030303, 0.930909123123501, 0.931251057181216, 0.931069770319263, 
0.931251057181216, 0.931251057181216, 0.930909123123501, 0.931251057181216, 
0.931251057181216, 0.931251057181216, 0.930727455514155, 1.20809352387713, 
1.2069756712744, 1.20756821741719, 1.2069756712744, 1.2069756712744, 
1.20809352387713, 1.2069756712744, 1.2069756712744, 1.2069756712744, 
1.20868781751603, 0.117823137289654, 0.117754474861504, 0.117554251223739, 
0.118309181309671, 0.118250169985398, 0.11779359781014, 0.118265250657157, 
0.117446960293903, 0.118522933439816, 0.11813083597409, 0.722960844425317, 
0.723287452740754, 0.711104116657988, 0.72090827808036, 0.724504255154907, 
0.725647220138917, 0.722082704885424, 0.722501470923411, 0.721006649513708, 
0.721613521808964, 0.171605754069715, 0.170075911301087, 0.166275406490818, 
0.170552990663381, 0.171430452170461, 0.173054213369806, 0.172158779052753, 
0.171060711256442, 0.172189528316857, 0.171645682147, 1, 1, 1, 
1, 1, 1, 1, 1, 1, 1, 1, 1, 1, 1, 1, 1, 1, 1, 1, 1, 0.994871794871795, 
0.979381443298969, 0.994818652849741, 0.979381443298969, 0.994845360824742, 
1, 0.989690721649485, 0.984536082474227, 0.989690721649485, 0.994845360824742, 
1, 1, 1, 1, 0.994845360824742, 1, 0.994845360824742, 0.994845360824742, 
0.994845360824742, 0.989690721649485), .Dim = c(10L, 26L), .Dimnames = list(
    NULL, c("overlapping.F1", "overlapping.F1v", "overlapping.F2", 
    "overlapping.F3", "overlapping.F4", "neighborhood.N1", "neighborhood.N2", 
    "neighborhood.N3", "neighborhood.N4", "neighborhood.T1", 
    "neighborhood.LSCAvg", "linearity.L1", "linearity.L2", "linearity.L3", 
    "dimensionality.T2", "dimensionality.T3", "dimensionality.T4", 
    "balance.C1", "balance.C2", "network.Density", "network.ClsCoef", 
    "network.Hubs", "ANN", "C4.5", "kNN", "SVM")))
