aux <-
structure(c(Inf, Inf, Inf, Inf, Inf, Inf, Inf, Inf, Inf, Inf, 
1.32062037064933, 1.05656695506468, 1.24332527034441, 1.02445590475149, 
0.997241783592688, 1.39955811027966, 1.09005308347605, 1.04676952941492, 
1.36159582631559, 1.13270301579284, 0, 0, 0, 0, 0, 0, 0, 0, 0, 
0, 0.0709219858156028, 0.08274231678487, 0.0709219858156028, 
0.0732860520094563, 0.08274231678487, 0.0709219858156028, 0.0803782505910166, 
0.0898345153664303, 0.0780141843971631, 0.0803782505910166, 0.139479905437352, 
0.125295508274232, 0.111111111111111, 0.111111111111111, 0.118203309692671, 
0.113475177304965, 0.120567375886525, 0.127659574468085, 0.127659574468085, 
0.120567375886525, 0.33096926713948, 0.342789598108747, 0.326241134751773, 
0.340425531914894, 0.340425531914894, 0.335697399527187, 0.342789598108747, 
0.3451536643026, 0.342789598108747, 0.326241134751773, 0.61229301868713, 
0.659898283116951, 0.684891931590386, 0.696907008570573, 0.670633478115128, 
0.676633821825185, 0.679504320590201, 0.661212207213336, 0.669209365720797, 
0.631930531007911, 0.217494089834515, 0.243498817966903, 0.229314420803783, 
0.238770685579196, 0.226950354609929, 0.229314420803783, 0.243498817966903, 
0.236406619385343, 0.238770685579196, 0.229314420803783, 0.153664302600473, 
0.177304964539007, 0.177304964539007, 0.139479905437352, 0.148936170212766, 
0.182033096926714, 0.139479905437352, 0.170212765957447, 0.160756501182033, 
0.196217494089835, 0.371158392434988, 0.368794326241135, 0.373522458628842, 
0.368794326241135, 0.356973995271868, 0.375886524822695, 0.361702127659574, 
0.366430260047281, 0.354609929078014, 0.356973995271868, 0.0209971552962348, 
0.0210921650487065, 0.0184766024512516, 0.018023908924769, 0.0176494587238514, 
0.0197117292333831, 0.0178953663184839, 0.0205276953428455, 0.0188622302701071, 
0.0222993477859933, 0.14434344160012, 0.148937915624925, 0.146267255907858, 
0.148935016356957, 0.148932975136001, 0.148444675772321, 0.148689634803952, 
0.14893841083925, 0.146219525422517, 0.134641914115344, 0.144208037825059, 
0.148936170212766, 0.146572104018913, 0.148936170212766, 0.148936170212766, 
0.144208037825059, 0.148936170212766, 0.148936170212766, 0.146572104018913, 
0.148936170212766, 0.16548463356974, 0.15839243498818, 0.16548463356974, 
0.134751773049645, 0.182033096926714, 0.108747044917258, 0.134751773049645, 
0.174940898345154, 0.139479905437352, 0.15839243498818, 16.92, 
16.92, 16.92, 16.92, 16.92, 16.92, 16.92, 16.92, 16.92, 16.92, 
211.5, 211.5, 211.5, 211.5, 211.5, 211.5, 211.5, 211.5, 211.5, 
211.5, 0.08, 0.08, 0.08, 0.08, 0.08, 0.08, 0.08, 0.08, 0.08, 
0.08, 0.607171654871303, 0.607171654871303, 0.607171654871303, 
0.607171654871303, 0.607171654871303, 0.607171654871303, 0.607171654871303, 
0.607171654871303, 0.607171654871303, 0.607171654871303, 2.94464285714286, 
2.94464285714286, 2.94464285714286, 2.94464285714286, 2.94464285714286, 
2.94464285714286, 2.94464285714286, 2.94464285714286, 2.94464285714286, 
2.94464285714286, 0.166112063460052, 0.165260551466057, 0.166739493350364, 
0.166873942612573, 0.16664986050889, 0.166997187769599, 0.165417408938635, 
0.166616248193338, 0.166941167243678, 0.166168083985972, 0.554734383917259, 
0.554673700648513, 0.554038464849601, 0.557282716689683, 0.552235354634111, 
0.555065427872861, 0.556336529931479, 0.549564173298356, 0.554685025914696, 
0.545873082591974, 0.310492257874483, 0.325170117589729, 0.318788504762724, 
0.314472769527086, 0.312199578039512, 0.307965749516621, 0.320887429556008, 
0.314487517958795, 0.325618509204736, 0.30472871553592, 0.723404255319149, 
0.851063829787234, 0.787234042553192, 0.787234042553192, 0.829787234042553, 
0.808510638297872, 0.829787234042553, 0.851063829787234, 0.851063829787234, 
0.74468085106383, 0.851063829787234, 0.829787234042553, 0.851063829787234, 
0.851063829787234, 0.851063829787234, 0.851063829787234, 0.808510638297872, 
0.808510638297872, 0.787234042553192, 0.851063829787234, 0.702127659574468, 
0.74468085106383, 0.723404255319149, 0.808510638297872, 0.787234042553192, 
0.765957446808511, 0.808510638297872, 0.765957446808511, 0.765957446808511, 
0.702127659574468, 0.851063829787234, 0.851063829787234, 0.851063829787234, 
0.851063829787234, 0.851063829787234, 0.851063829787234, 0.851063829787234, 
0.851063829787234, 0.851063829787234, 0.851063829787234), .Dim = c(10L, 
26L), .Dimnames = list(NULL, c("overlapping.F1", "overlapping.F1v", 
"overlapping.F2", "overlapping.F3", "overlapping.F4", "neighborhood.N1", 
"neighborhood.N2", "neighborhood.N3", "neighborhood.N4", "neighborhood.T1", 
"neighborhood.LSCAvg", "linearity.L1", "linearity.L2", "linearity.L3", 
"dimensionality.T2", "dimensionality.T3", "dimensionality.T4", 
"balance.C1", "balance.C2", "network.Density", "network.ClsCoef", 
"network.Hubs", "ANN", "C4.5", "kNN", "SVM")))
