aux <-
structure(c(Inf, 1.16728898496817, 0, 0.0780141843971631, 0.121513002364066, 
0.337352245862884, 0.66431139664376, 0.233333333333333, 0.164539007092199, 
0.36548463356974, 0.0195535659395626, 0.146435076557925, 0.147517730496454, 
0.152245862884161, 16.92, 211.5, 0.08, 0.607171654871303, 2.94464285714286, 
0.166377600752916, 0.553448886034853, 0.315481114956561, 0.806382978723404, 
0.834042553191489, 0.757446808510638, 0.851063829787234), .Names = c("overlapping.F1", 
"overlapping.F1v", "overlapping.F2", "overlapping.F3", "overlapping.F4", 
"neighborhood.N1", "neighborhood.N2", "neighborhood.N3", "neighborhood.N4", 
"neighborhood.T1", "neighborhood.LSCAvg", "linearity.L1", "linearity.L2", 
"linearity.L3", "dimensionality.T2", "dimensionality.T3", "dimensionality.T4", 
"balance.C1", "balance.C2", "network.Density", "network.ClsCoef", 
"network.Hubs", "ANN", "C4.5", "kNN", "SVM"))
