aux <-
structure(c(0.439722488454489, 0.450697939452246, 0.435901395394367, 
0.444808585832773, 0.441574322706815, 0.438764661863248, 0.452371010381516, 
0.439506262334162, 0.441685682997988, 0.427987639541907, 16.1817903067128, 
16.0716360074563, 16.0408237116427, 16.0261636454424, 16.2069283056902, 
16.0742870804785, 16.2438532510115, 16.1745157038714, 16.0505836170059, 
15.9952145085638, 0.00358701910666766, 0.00390571384326368, 0.00427508732741818, 
0.00496864250647663, 0.0036322116629246, 0.00424892773714489, 
0.00382327452089773, 0.00435827514101581, 0.00515454394768766, 
0.00364425045578909, 0.0139660609701156, 0.0111111111111111, 
0.0127627627627628, 0.0117117117117117, 0.00975975975975976, 
0.0114114114114114, 0.00915778411649902, 0.0100600600600601, 
0.0130630630630631, 0.0121621621621622, 0.110977624267908, 0.114714714714715, 
0.112612612612613, 0.113213213213213, 0.111261261261261, 0.114114114114114, 
0.111694940699595, 0.101651651651652, 0.108558558558559, 0.113363363363363, 
0.0871001651899685, 0.0917417417417417, 0.0870870870870871, 0.0905405405405405, 
0.0929429429429429, 0.0897897897897898, 0.0864735024771055, 0.0875375375375375, 
0.0887387387387387, 0.0918918918918919, 0.779489144481744, 0.780833390154507, 
0.781170056883157, 0.779334028707869, 0.781187242445753, 0.780852500875016, 
0.774910749730138, 0.778494999545494, 0.780473085336046, 0.782146490413044, 
0.0527106172097913, 0.0576576576576577, 0.0548048048048048, 0.0557057057057057, 
0.0564564564564565, 0.0554054054054054, 0.0534454286143222, 0.0536036036036036, 
0.0555555555555556, 0.0563063063063063, 0.0144165790659258, 0.0145645645645646, 
0.0129129129129129, 0.0124624624624625, 0.015015015015015, 0.015015015015015, 
0.0130611019366461, 0.0111111111111111, 0.0142642642642643, 0.0157657657657658, 
0.774891124793513, 0.768918918918919, 0.77042042042042, 0.765615615615616, 
0.765915915915916, 0.774024024024024, 0.778111394685483, 0.744594594594595, 
0.761111111111111, 0.764264264264264, 0.0110587229375954, 0.0108832255679103, 
0.0106486892297703, 0.0111052944836729, 0.0107112968824681, 0.0107281380479579, 
0.0120658106605748, 0.0113979970961953, 0.010767073379686, 0.0106710539368197, 
0.0185283410295287, 0.0188738885317933, 0.019568102662522, 0.0195839936069339, 
0.0188668339176145, 0.0189097392323146, 0.0176880040306578, 0.0188596003035455, 
0.0199064367571084, 0.0190585924850428, 0.0195224508184412, 0.0217717717717718, 
0.0214714714714714, 0.0214714714714714, 0.0208708708708709, 0.0205705705705705, 
0.0205674823600061, 0.0195195195195195, 0.0202702702702703, 0.01996996996997, 
0.00720828953296293, 0.00660660660660661, 0.0067567567567568, 
0.00630630630630635, 0.0067567567567568, 0.00795795795795795, 
0.0064554871640895, 0.00600600600600598, 0.00570570570570572, 
0.00645645645645643, 332.95, 333, 333, 333, 333, 333, 333.05, 
333, 333, 333, 350.473684210526, 350.526315789474, 350.526315789474, 
350.526315789474, 350.526315789474, 350.526315789474, 350.578947368421, 
350.526315789474, 350.526315789474, 350.526315789474, 0.95, 0.95, 
0.95, 0.95, 0.95, 0.95, 0.95, 0.95, 0.95, 0.95, 0.999999593307126, 
0.999999414538091, 0.999999414538091, 0.999999414538091, 0.999999739794727, 
0.999999414538091, 0.999999593551313, 0.999999414538091, 0.999999739794727, 
0.999999414538091, 1.00000112759261, 1.00000162324618, 1.00000162324618, 
1.00000162324618, 1.00000072144242, 1.00000162324618, 1.00000112691558, 
1.00000162324618, 1.00000072144242, 1.00000162324618, 0.17278223817408, 
0.172892610285612, 0.172722414560528, 0.172679482305552, 0.17251478840306, 
0.172600021556321, 0.173022880259031, 0.173043098662561, 0.172704465991746, 
0.172340488859486, 0.468211512264504, 0.468485327187394, 0.467872155267091, 
0.46808174093173, 0.46720452523552, 0.467617393696328, 0.468353250180687, 
0.468513780728541, 0.46766809612282, 0.466901435953108, 0.198867247033983, 
0.199398935852296, 0.198536104667494, 0.199623111969732, 0.198363846690213, 
0.198776613796346, 0.209359462858286, 0.199655721696425, 0.197813395179179, 
0.216521989097986, 0.96221322537112, 0.97972972972973, 0.982432432432432, 
0.975675675675676, 0.971621621621622, 0.972972972972973, 0.952638700947226, 
0.97027027027027, 0.971621621621622, 0.972972972972973, 0.856950067476383, 
0.85, 0.848648648648649, 0.860810810810811, 0.833783783783784, 
0.854054054054054, 0.825439783491204, 0.864864864864865, 0.840540540540541, 
0.840540540540541, 0.94331983805668, 0.951351351351351, 0.95, 
0.955405405405405, 0.937837837837838, 0.941891891891892, 0.941813261163735, 
0.943243243243243, 0.956756756756757, 0.948648648648649, 0.973009446693657, 
0.982432432432432, 0.983783783783784, 0.987837837837838, 0.978378378378378, 
0.981081081081081, 0.970230040595399, 0.977027027027027, 0.975675675675676, 
0.966216216216216), .Dim = c(10L, 26L), .Dimnames = list(NULL, 
    c("overlapping.F1", "overlapping.F1v", "overlapping.F2", 
    "overlapping.F3", "overlapping.F4", "neighborhood.N1", "neighborhood.N2", 
    "neighborhood.N3", "neighborhood.N4", "neighborhood.T1", 
    "neighborhood.LSCAvg", "linearity.L1", "linearity.L2", "linearity.L3", 
    "dimensionality.T2", "dimensionality.T3", "dimensionality.T4", 
    "balance.C1", "balance.C2", "network.Density", "network.ClsCoef", 
    "network.Hubs", "ANN", "C4.5", "kNN", "SVM")))
