aux <-
structure(c(0.441301998895951, 16.1065796137875, 0.00415979462492859, 
0.0115165887128657, 0.111216205445699, 0.0893843937937344, 0.779889168857277, 
0.0551651541319609, 0.0138588792113683, 0.766786738434386, 0.0110037302222651, 
0.0189843532557061, 0.0206005849094363, 0.00662163292496051, 
333, 350.526315789474, 0.95, 0.999999515367644, 1.00000134368701, 
0.172730248905798, 0.467890921756772, 0.201691642884194, 0.971214922361564, 
0.847563309421083, 0.947026823435555, 0.977567191972149), .Names = c("overlapping.F1", 
"overlapping.F1v", "overlapping.F2", "overlapping.F3", "overlapping.F4", 
"neighborhood.N1", "neighborhood.N2", "neighborhood.N3", "neighborhood.N4", 
"neighborhood.T1", "neighborhood.LSCAvg", "linearity.L1", "linearity.L2", 
"linearity.L3", "dimensionality.T2", "dimensionality.T3", "dimensionality.T4", 
"balance.C1", "balance.C2", "network.Density", "network.ClsCoef", 
"network.Hubs", "ANN", "C4.5", "kNN", "SVM"))
