aux <-
structure(c(98.9152619808578, 134.81943673077, 101.166823410318, 
108.994459703064, 101.497859953445, 107.693776940367, 116.687040011526, 
106.490043343804, 97.7467301116506, 104.926269627043, 44.9921375513089, 
43.0971163821945, 48.0182610060652, 44.5836500302116, 46.8359099449343, 
46.3498681383275, 47.83005804239, 45.9351653050609, 43.6396033704624, 
46.1475054316267, 0.117638877681313, 0.105958234628348, 0.119797602635468, 
0.118760851328447, 0.121863872270639, 0.112234277786355, 0.107337976369566, 
0.0884204088861923, 0.108447713969418, 0.108958714878097, 0.693195990659428, 
0.718213427784384, 0.694941250399877, 0.701922115038555, 0.701759638013745, 
0.701287177953479, 0.719507978011464, 0.701124880801454, 0.701303556614399, 
0.708650012463959, 0.891632561828538, 0.910443488163676, 0.900048668717587, 
0.89672749592334, 0.896337732987282, 0.902010726654267, 0.950180132831447, 
0.915937385581575, 0.895614752553174, 0.915023165262318, 0.347107438016529, 
0.361878453038674, 0.339779005524862, 0.355371900826446, 0.340659340659341, 
0.361878453038674, 0.329639889196676, 0.347107438016529, 0.366391184573003, 
0.337912087912088, 0.691274852282406, 0.696311352033819, 0.682715347127287, 
0.695687455795451, 0.687484737724272, 0.69595585185381, 0.690227135176555, 
0.685944561033465, 0.691895038515708, 0.690456822145093, 0.206611570247934, 
0.207182320441989, 0.187845303867403, 0.209366391184573, 0.222527472527473, 
0.209944751381215, 0.185595567867036, 0.195592286501377, 0.214876033057851, 
0.206043956043956, 0.162534435261708, 0.102209944751381, 0.102209944751381, 
0.121212121212121, 0.0961538461538462, 0.135359116022099, 0.0969529085872576, 
0.115702479338843, 0.129476584022039, 0.123626373626374, 0.669421487603306, 
0.654696132596685, 0.654696132596685, 0.699724517906336, 0.645604395604396, 
0.685082872928177, 0.670360110803324, 0.680440771349862, 0.68870523415978, 
0.637362637362637, 0.0143736387162383, 0.0143463264247123, 0.0146820915112481, 
0.0139258854510545, 0.0151929114841203, 0.0136824272763347, 0.0145333445875952, 
0.0142977483323088, 0.0144798852537395, 0.0147023306363966, 0.0196285605999083, 
0.0200469094628386, 0.0182784031329052, 0.0206061574651741, 0.0198081707376415, 
0.0187478326701807, 0.0161099153903503, 0.0168343156939346, 0.0199762191581589, 
0.0189341593764052, 0.0384973682313072, 0.0377775832295457, 0.0372480662381523, 
0.0305165208968624, 0.032470155441862, 0.0345673285757618, 0.0356175422690997, 
0.0332627552866868, 0.0340357021465902, 0.0240643714800916, 0.0339773389779879, 
0.0370222075370103, 0.0387711285821102, 0.0267221688512311, 0.0245592482617181, 
0.0391954270566738, 0.0345572630124768, 0.0270930505323037, 0.038644727112188, 
0.0255579805469377, 72.6, 72.4, 72.4, 72.6, 72.8, 72.4, 72.2, 
72.6, 72.6, 72.8, 72.6, 72.4, 72.4, 72.6, 72.8, 72.4, 72.2, 72.6, 
72.6, 72.8, 1, 1, 1, 1, 1, 1, 1, 1, 1, 1, 0.884270994323288, 
0.879223286093372, 0.881864811089689, 0.88396360113927, 0.883889792785043, 
0.879223286093372, 0.879294072773632, 0.881636746255335, 0.881636746255335, 
0.881157005997706, 1.09885237587302, 1.10257886246245, 1.10056399246877, 
1.09943171917174, 1.09917105313399, 1.10257886246245, 1.10285238392383, 
1.1008518551326, 1.1008518551326, 1.10141322921417, 0.0931464316697868, 
0.0946266509542248, 0.0929737836886488, 0.0940444119751001, 0.0935428208155481, 
0.0944276947092943, 0.0944906124961526, 0.0942879320578969, 0.0939835319544009, 
0.0940877304513668, 0.582133438818565, 0.587642379510202, 0.581441403839067, 
0.578732731594722, 0.58374666157955, 0.58154598490048, 0.584279125207297, 
0.583630166824693, 0.585354235418821, 0.58366698470031, 0.174162084352011, 
0.142739868240711, 0.144504156966849, 0.150977822826491, 0.147511431594407, 
0.172264810028445, 0.148386883571927, 0.143505671620529, 0.147484646469834, 
0.150299473608869, 1, 0.951219512195122, 0.902439024390244, 0.95, 
0.897435897435897, 0.878048780487805, 0.904761904761905, 0.9, 
0.9, 0.897435897435897, 0.975, 0.902439024390244, 0.951219512195122, 
0.925, 0.871794871794872, 0.829268292682927, 0.857142857142857, 
0.85, 0.9, 0.897435897435897, 0.9, 0.780487804878049, 0.707317073170732, 
0.825, 0.82051282051282, 0.75609756097561, 0.761904761904762, 
0.75, 0.775, 0.82051282051282, 0.925, 0.926829268292683, 0.853658536585366, 
0.875, 0.897435897435897, 0.853658536585366, 0.833333333333333, 
0.85, 0.9, 0.897435897435897), .Dim = c(10L, 26L), .Dimnames = list(
    NULL, c("overlapping.F1", "overlapping.F1v", "overlapping.F2", 
    "overlapping.F3", "overlapping.F4", "neighborhood.N1", "neighborhood.N2", 
    "neighborhood.N3", "neighborhood.N4", "neighborhood.T1", 
    "neighborhood.LSCAvg", "linearity.L1", "linearity.L2", "linearity.L3", 
    "dimensionality.T2", "dimensionality.T3", "dimensionality.T4", 
    "balance.C1", "balance.C2", "network.Density", "network.ClsCoef", 
    "network.Hubs", "ANN", "C4.5", "kNN", "SVM")))
