aux <-
structure(c(107.893770181285, 45.7429275202582, 0.110941853043384, 
0.704190602774074, 0.90739561105032, 0.348772519080282, 0.690795315368787, 
0.204558565312081, 0.118543775372705, 0.668609429291119, 0.0144216589673748, 
0.0188970643687497, 0.033805739379596, 0.0326100540470638, 72.54, 
72.54, 1, 0.881616034280604, 1.10091461889756, 0.093961160077242, 
0.583217311239371, 0.152183684928007, 0.918134101670687, 0.895930045564192, 
0.789683284195479, 0.881235146966854), .Names = c("overlapping.F1", 
"overlapping.F1v", "overlapping.F2", "overlapping.F3", "overlapping.F4", 
"neighborhood.N1", "neighborhood.N2", "neighborhood.N3", "neighborhood.N4", 
"neighborhood.T1", "neighborhood.LSCAvg", "linearity.L1", "linearity.L2", 
"linearity.L3", "dimensionality.T2", "dimensionality.T3", "dimensionality.T4", 
"balance.C1", "balance.C2", "network.Density", "network.ClsCoef", 
"network.Hubs", "ANN", "C4.5", "kNN", "SVM"))
