aux <-
structure(c(5.26507549477999, 5.1559027202476, 4.90642329987131, 
4.72274992032808, 4.57871848788794, 6.01764801479972, 4.84723852711332, 
4.78941723362039, 5.14945526352837, 5.04437318800352, 11.6799348179243, 
11.7386627517755, 11.8402512764296, 11.7401382079704, 11.3879877748036, 
11.8069452000999, 11.3140998826534, 11.4963329205706, 11.664333878415, 
11.8769314792563, 7.71951284118366e-11, 4.64423181669392e-11, 
1.58278567811407e-11, 4.62323243127831e-11, 6.37583921299929e-11, 
3.19626554681183e-11, 3.46157920317647e-11, 8.23147056105018e-11, 
5.62282100760195e-11, 6.4405179908836e-11, 0.5078125, 0.5546875, 
0.560546875, 0.512670565302144, 0.512670565302144, 0.530332681017613, 
0.512720156555773, 0.509765625, 0.522417153996101, 0.51953125, 
1, 1, 1, 1, 1, 1, 0.996086105675147, 1, 1, 1, 0.068359375, 0.078125, 
0.06640625, 0.0662768031189084, 0.0760233918128655, 0.0567514677103718, 
0.076320939334638, 0.080078125, 0.0760233918128655, 0.0625, 0.547321595448828, 
0.53664295725009, 0.542459027380224, 0.547455575064467, 0.546446077510049, 
0.536923898897932, 0.534738672088953, 0.546285089289928, 0.545452809314163, 
0.547350615194864, 0.048828125, 0.048828125, 0.046875, 0.0448343079922027, 
0.0467836257309941, 0.0371819960861057, 0.0528375733855186, 0.046875, 
0.0526315789473684, 0.04296875, 0.01171875, 0.005859375, 0.017578125, 
0.00389863547758285, 0.01364522417154, 0.0215264187866928, 0.00782778864970646, 
0.00390625, 0.01364522417154, 0.013671875, 0.248046875, 0.212890625, 
0.21875, 0.255360623781676, 0.245614035087719, 0.215264187866928, 
0.234833659491194, 0.2421875, 0.263157894736842, 0.220703125, 
0.111648559570312, 0.126239776611328, 0.113914489746094, 0.113280819549415, 
0.111209906941927, 0.116451759912071, 0.125045477001084, 0.109279632568359, 
0.113372015700937, 0.112636566162109, 0.011527980787277, 0.00828750393013872, 
0.0125203538677759, 0.0155173638454913, 0.0145729703270362, 0.0117602969119578, 
0.0141449620597337, 0.0141101849075604, 0.0123677759522872, 0.015142324337126, 
0.01171875, 0.01171875, 0.009765625, 0.01364522417154, 0.00974658869395717, 
0.0117416829745597, 0.00782778864970646, 0.01171875, 0.00779727095516569, 
0.015625, 0.005859375, 0, 0.00390625, 0.01364522417154, 0.0116959064327485, 
0.00782778864970646, 0.00391389432485323, 0.005859375, 0.00194931773879148, 
0.01171875, 17.0666666666667, 17.0666666666667, 17.0666666666667, 
17.1, 17.1, 17.0333333333333, 17.0333333333333, 17.0666666666667, 
17.1, 17.0666666666667, 512, 512, 512, 513, 513, 511, 511, 512, 
513, 512, 0.0333333333333333, 0.0333333333333333, 0.0333333333333333, 
0.0333333333333333, 0.0333333333333333, 0.0333333333333333, 0.0333333333333333, 
0.0333333333333333, 0.0333333333333333, 0.0333333333333333, 0.952982868122876, 
0.952982868122876, 0.952982868122876, 0.952436573291782, 0.952436573291782, 
0.952059263816018, 0.952059263816018, 0.952982868122876, 0.952436573291782, 
0.952982868122876, 1.13782192428765, 1.13782192428765, 1.13782192428765, 
1.13951578810445, 1.13951578810445, 1.1406869978685, 1.1406869978685, 
1.13782192428765, 1.13951578810445, 1.13782192428765, 0.183295621330724, 
0.182729941291585, 0.18162915851272, 0.182520102339181, 0.180502253898635, 
0.182610030313495, 0.182111200644641, 0.182592343444227, 0.182291666666667, 
0.183173312133072, 0.589817414980952, 0.591231573713831, 0.591488078788031, 
0.589471737428411, 0.593525193487551, 0.590260522942473, 0.594144629583575, 
0.591739198413432, 0.592918117303243, 0.593255972505725, 0.290687232984494, 
0.284590898829787, 0.288519243312879, 0.28788054912571, 0.287024615214112, 
0.289861449713032, 0.292338397159867, 0.288545757055139, 0.293948612075275, 
0.29451191218059, 0.982456140350877, 0.964912280701754, 0.929824561403509, 
0.982142857142857, 0.982142857142857, 0.96551724137931, 0.982758620689655, 
0.964912280701754, 0.946428571428571, 0.964912280701754, 0.929824561403509, 
0.912280701754386, 0.947368421052632, 0.928571428571429, 0.964285714285714, 
0.879310344827586, 0.982758620689655, 0.929824561403509, 0.946428571428571, 
0.87719298245614, 0.912280701754386, 0.964912280701754, 0.929824561403509, 
0.964285714285714, 0.946428571428571, 0.931034482758621, 0.982758620689655, 
0.929824561403509, 0.982142857142857, 0.929824561403509, 0.964912280701754, 
0.982456140350877, 0.964912280701754, 1, 0.982142857142857, 0.96551724137931, 
0.982758620689655, 0.964912280701754, 0.982142857142857, 0.964912280701754
), .Dim = c(10L, 26L), .Dimnames = list(NULL, c("overlapping.F1", 
"overlapping.F1v", "overlapping.F2", "overlapping.F3", "overlapping.F4", 
"neighborhood.N1", "neighborhood.N2", "neighborhood.N3", "neighborhood.N4", 
"neighborhood.T1", "neighborhood.LSCAvg", "linearity.L1", "linearity.L2", 
"linearity.L3", "dimensionality.T2", "dimensionality.T3", "dimensionality.T4", 
"balance.C1", "balance.C2", "network.Density", "network.ClsCoef", 
"network.Hubs", "ANN", "C4.5", "kNN", "SVM")))
