aux <-
structure(c(5.04770021501802, 11.6545618189899, 5.18982562897933e-11, 
0.524315487217378, 0.999608610567515, 0.0706864743789649, 0.54310763174395, 
0.046864408214219, 0.0113277666257062, 0.235680852596436, 0.115307900376364, 
0.0129951716926384, 0.0111305430444929, 0.00663758813176397, 
17.07, 512.1, 0.0333333333333333, 0.952634258812176, 1.13890309814886, 
0.182345563057495, 0.591785243914722, 0.289790866765088, 0.96660076916429, 
0.929784590787313, 0.947331691297209, 0.975466683951257), .Names = c("overlapping.F1", 
"overlapping.F1v", "overlapping.F2", "overlapping.F3", "overlapping.F4", 
"neighborhood.N1", "neighborhood.N2", "neighborhood.N3", "neighborhood.N4", 
"neighborhood.T1", "neighborhood.LSCAvg", "linearity.L1", "linearity.L2", 
"linearity.L3", "dimensionality.T2", "dimensionality.T3", "dimensionality.T4", 
"balance.C1", "balance.C2", "network.Density", "network.ClsCoef", 
"network.Hubs", "ANN", "C4.5", "kNN", "SVM"))
