aux <-
structure(c(4.44704284729175, 3.88494026766523, 3.91026140290006, 
4.63437815236005, 4.07911536612172, 3.9982237072956, 4.31707771674647, 
4.00847432266528, 4.43565873859348, 3.41454438079689, 3.59917759035726, 
3.71954594810331, 3.50119913473337, 3.54128923303968, 3.3499244071241, 
3.58025707954963, 4.20162625899348, 3.40896735281247, 3.48789480372188, 
3.47526655623811, 0.00118032506095866, 0.000481438683731411, 
0.00044087470176205, 0.000480917139379533, 0.000480447829297581, 
0.00065300572975947, 0.000338242007917883, 0.000458496745253145, 
0.000503831040881597, 0.000481259230916358, 0.426767676767677, 
0.424242424242424, 0.421717171717172, 0.423173803526448, 0.411616161616162, 
0.425316455696203, 0.416666666666667, 0.429292929292929, 0.558080808080808, 
0.406565656565657, 0.631313131313131, 0.636363636363636, 0.616161616161616, 
0.6272040302267, 0.616161616161616, 0.622784810126582, 0.621212121212121, 
0.641414141414141, 0.727272727272727, 0.611111111111111, 0.189393939393939, 
0.191919191919192, 0.194444444444444, 0.191435768261965, 0.212121212121212, 
0.2, 0.179292929292929, 0.207070707070707, 0.214646464646465, 
0.196969696969697, 0.526867047811811, 0.518198678807119, 0.549628841797513, 
0.541935366987401, 0.560925758737064, 0.55260172513738, 0.530167894112938, 
0.547566909610762, 0.570545965846809, 0.551838896299593, 0.128787878787879, 
0.133838383838384, 0.123737373737374, 0.133501259445844, 0.154040404040404, 
0.129113924050633, 0.116161616161616, 0.126262626262626, 0.138888888888889, 
0.136363636363636, 0.0757575757575758, 0.0681818181818182, 0.0732323232323232, 
0.0629722921914358, 0.0782828282828283, 0.0734177215189873, 0.0782828282828283, 
0.0883838383838384, 0.0606060606060606, 0.0707070707070707, 0.328282828282828, 
0.30050505050505, 0.308080808080808, 0.279596977329975, 0.320707070707071, 
0.30126582278481, 0.30050505050505, 0.338383838383838, 0.328282828282828, 
0.315656565656566, 0.0543630751964085, 0.0764590347923681, 0.0561741148862361, 
0.0579916121541283, 0.0561804917865524, 0.0514276558243871, 0.0619643403734313, 
0.0534001632486481, 0.0541526374859708, 0.0528645036220794, 0.0644099377882688, 
0.0632278475858446, 0.0694191715245916, 0.0642179572783685, 0.0693013584673291, 
0.0714663403844365, 0.0685966031375438, 0.0687261537726692, 0.0653168924347365, 
0.0728810602842551, 0.0732323232323232, 0.0681818181818182, 0.0782828282828283, 
0.075566750629723, 0.0858585858585859, 0.0784810126582278, 0.0782828282828283, 
0.0757575757575758, 0.0782828282828283, 0.0833333333333334, 0.0580808080808081, 
0.0404040404040404, 0.0429292929292929, 0.0327455919395466, 0.053030303030303, 
0.0556962025316455, 0.0580808080808081, 0.0378787878787878, 0.0555555555555556, 
0.0328282828282829, 39.6, 39.6, 39.6, 39.7, 39.6, 39.5, 39.6, 
39.6, 39.6, 39.6, 99, 99, 99, 99.25, 99, 98.75, 99, 99, 99, 99, 
0.4, 0.4, 0.4, 0.4, 0.4, 0.4, 0.4, 0.4, 0.4, 0.4, 0.90786191542637, 
0.90786191542637, 0.90786191542637, 0.906991732337588, 0.90786191542637, 
0.906025657589154, 0.90786191542637, 0.90786191542637, 0.90786191542637, 
0.905148714150829, 1.28568097014925, 1.28568097014925, 1.28568097014925, 
1.28869946561338, 1.28568097014925, 1.29205840874368, 1.28568097014925, 
1.28568097014925, 1.28568097014925, 1.29511459766414, 0.156118143459916, 
0.158867152538039, 0.157025955760133, 0.158626567946467, 0.15765247410817, 
0.155599820086102, 0.156936453138985, 0.156757447896688, 0.155734560797852, 
0.157857051527938, 0.665457052957023, 0.661388062918949, 0.674276838310718, 
0.668153789773904, 0.665860545237536, 0.656050940175439, 0.665746609180543, 
0.674730134721257, 0.644997544959041, 0.669558559969376, 0.297770252467114, 
0.276930537433903, 0.273050832929297, 0.285041942342585, 0.282063264216073, 
0.289970234385237, 0.282632926141016, 0.27807449826468, 0.279564820917664, 
0.27660061737013, 0.909090909090909, 0.909090909090909, 0.931818181818182, 
0.883720930232558, 0.931818181818182, 0.911111111111111, 0.931818181818182, 
0.931818181818182, 0.909090909090909, 0.931818181818182, 0.909090909090909, 
0.863636363636364, 0.886363636363636, 0.86046511627907, 0.931818181818182, 
0.911111111111111, 0.863636363636364, 0.954545454545455, 0.954545454545455, 
0.954545454545455, 0.886363636363636, 0.909090909090909, 0.840909090909091, 
0.86046511627907, 0.954545454545455, 0.866666666666667, 0.840909090909091, 
0.840909090909091, 0.840909090909091, 0.931818181818182, 0.909090909090909, 
0.909090909090909, 0.909090909090909, 0.883720930232558, 0.931818181818182, 
0.888888888888889, 0.886363636363636, 0.909090909090909, 0.931818181818182, 
0.931818181818182), .Dim = c(10L, 26L), .Dimnames = list(NULL, 
    c("overlapping.F1", "overlapping.F1v", "overlapping.F2", 
    "overlapping.F3", "overlapping.F4", "neighborhood.N1", "neighborhood.N2", 
    "neighborhood.N3", "neighborhood.N4", "neighborhood.T1", 
    "neighborhood.LSCAvg", "linearity.L1", "linearity.L2", "linearity.L3", 
    "dimensionality.T2", "dimensionality.T3", "dimensionality.T4", 
    "balance.C1", "balance.C2", "network.Density", "network.ClsCoef", 
    "network.Hubs", "ANN", "C4.5", "kNN", "SVM")))
