aux <-
structure(c(4.11297169024365, 3.58651483646733, 0.000549883816985769, 
0.434343975417215, 0.635099894136338, 0.197729435412055, 0.545027708514839, 
0.132069599157729, 0.0729824357144767, 0.312126684051882, 0.057497762937021, 
0.0677563322658044, 0.0775259884500072, 0.0467229673259071, 39.6, 
99, 0.4, 0.907319951206216, 1.28756392630659, 0.157117562726029, 
0.664622007820379, 0.28216999264677, 0.918119567770731, 0.9089758045572, 
0.877258632840028, 0.909079163730326), .Names = c("overlapping.F1", 
"overlapping.F1v", "overlapping.F2", "overlapping.F3", "overlapping.F4", 
"neighborhood.N1", "neighborhood.N2", "neighborhood.N3", "neighborhood.N4", 
"neighborhood.T1", "neighborhood.LSCAvg", "linearity.L1", "linearity.L2", 
"linearity.L3", "dimensionality.T2", "dimensionality.T3", "dimensionality.T4", 
"balance.C1", "balance.C2", "network.Density", "network.ClsCoef", 
"network.Hubs", "ANN", "C4.5", "kNN", "SVM"))
