aux <-
structure(c(Inf, Inf, Inf, Inf, Inf, Inf, Inf, Inf, Inf, Inf, 
1.97520273909458, 1.68993038371663, 1.98308997132541, 1.69758235126371, 
2.11642661587167, 2.07205628693119, 1.76624606280057, 2.48732597058633, 
2.18778649601393, 1.98666539382202, 0.151036776375962, 0.072542400128607, 
0.152944455783819, 0.0713520072808171, 0.150939291236133, 0.10514473458635, 
0.101444150829883, 0.159303603427472, 0.125256291071616, 0.159537798043734, 
0.143281796993344, 0.147916501546684, 0.149086885426085, 0.144894546925431, 
0.144135549765931, 0.144589661719844, 0.149655480456756, 0.138543158693825, 
0.145646311361479, 0.201103498136403, 0.39709277079738, 0.402601491076854, 
0.374812348940969, 0.364856150968391, 0.380517943560131, 0.401881968244118, 
0.415512443274814, 0.413616096845993, 0.383442147844662, 0.431543591257086, 
0.828729281767956, 0.828729281767956, 0.822222222222222, 0.826815642458101, 
0.783333333333333, 0.81767955801105, 0.849162011173184, 0.798882681564246, 
0.827777777777778, 0.833333333333333, 1.24099014793012, 1.24154351821656, 
1.24702373533762, 1.21224990863896, 1.18383885595478, 1.22263741491234, 
1.23942867579607, 1.18925289697843, 1.23020256243441, 1.18486115920591, 
0.674033149171271, 0.707182320441989, 0.7, 0.64804469273743, 
0.594444444444444, 0.651933701657459, 0.692737430167598, 0.631284916201117, 
0.672222222222222, 0.622222222222222, 0.441988950276243, 0.469613259668508, 
0.455555555555556, 0.391061452513966, 0.427777777777778, 0.408839779005525, 
0.402234636871508, 0.441340782122905, 0.483333333333333, 0.422222222222222, 
0.911602209944751, 0.92817679558011, 0.933333333333333, 0.921787709497207, 
0.9, 0.911602209944751, 0.927374301675978, 0.927374301675978, 
0.927777777777778, 0.905555555555556, 0.0080278379780837, 0.00781416928665181, 
0.00787037037037037, 0.00827065322555476, 0.00873456790123457, 
0.00845517536094747, 0.0078961330794919, 0.00839549327424238, 
0.00787037037037037, 0.00845679012345679, 0.164330636171707, 
0.172356254265449, 0.157036008961316, 0.172022000817067, 0.163724730388819, 
0.168992493903983, 0.167973251480984, 0.150088242450376, 0.157103038107749, 
0.167936874826159, 0.218008734176419, 0.217253335253287, 0.205172108841599, 
0.22150589247493, 0.195976717520957, 0.191235709935928, 0.219288124651151, 
0.191366898128216, 0.204912296782429, 0.208877206533956, 0.182579672560598, 
0.213611165127948, 0.19304848956526, 0.198601462423592, 0.179722152852165, 
0.210139323300307, 0.223687025736043, 0.187247566935176, 0.167362422708162, 
0.194373423795041, 13.9230769230769, 13.9230769230769, 13.8461538461538, 
13.7692307692308, 13.8461538461538, 13.9230769230769, 13.7692307692308, 
13.7692307692308, 13.8461538461538, 13.8461538461538, 45.25, 
60.3333333333333, 45, 44.75, 45, 45.25, 44.75, 59.6666666666667, 
60, 45, 0.307692307692308, 0.230769230769231, 0.307692307692308, 
0.307692307692308, 0.307692307692308, 0.307692307692308, 0.307692307692308, 
0.230769230769231, 0.230769230769231, 0.307692307692308, 0.936053413333217, 
0.936053413333217, 0.936856824775257, 0.936655325784264, 0.936856824775257, 
0.936053413333217, 0.936655325784264, 0.937326578896133, 0.935736088386455, 
0.936856824775257, 1.04644217969799, 1.04644217969799, 1.0455019505571, 
1.04602359833033, 1.0455019505571, 1.04644217969799, 1.04602359833033, 
1.04514071807901, 1.04709570563923, 1.0455019505571, 0.0470227133210559, 
0.0459791282995703, 0.048106765983861, 0.0460736928002009, 0.0484792054624457, 
0.0480049109883364, 0.0462620048961145, 0.047015253279769, 0.0477343265052762, 
0.048665425201738, 0.538847858197932, 0.519185591229444, 0.540575354229283, 
0.526904039597637, 0.53405572755418, 0.546022490628905, 0.548232751967896, 
0.538461538461538, 0.544494942090603, 0.53136225476651, 0.139988309417787, 
0.0926914870254606, 0.0840955677322605, 0.0894329926192828, 0.0874180282765745, 
0.0913968122966215, 0.0943764870282359, 0.0886342220457846, 0.0987688802720456, 
0.0892930177072132, 0.421052631578947, 0.368421052631579, 0.4, 
0.19047619047619, 0.15, 0.157894736842105, 0.380952380952381, 
0.333333333333333, 0.45, 0.4, 0.263157894736842, 0.526315789473684, 
0.25, 0.428571428571429, 0.35, 0.368421052631579, 0.476190476190476, 
0.285714285714286, 0.3, 0.25, 0.210526315789474, 0.421052631578947, 
0.35, 0.380952380952381, 0.25, 0.210526315789474, 0.523809523809524, 
0.19047619047619, 0.35, 0.25, 0.315789473684211, 0.473684210526316, 
0.3, 0.380952380952381, 0.3, 0.263157894736842, 0.333333333333333, 
0.285714285714286, 0.45, 0.4), .Dim = c(10L, 26L), .Dimnames = list(
    NULL, c("overlapping.F1", "overlapping.F1v", "overlapping.F2", 
    "overlapping.F3", "overlapping.F4", "neighborhood.N1", "neighborhood.N2", 
    "neighborhood.N3", "neighborhood.N4", "neighborhood.T1", 
    "neighborhood.LSCAvg", "linearity.L1", "linearity.L2", "linearity.L3", 
    "dimensionality.T2", "dimensionality.T3", "dimensionality.T4", 
    "balance.C1", "balance.C2", "network.Density", "network.ClsCoef", 
    "network.Hubs", "ANN", "C4.5", "kNN", "SVM")))
