aux <-
structure(c(Inf, 1.9962312271426, 0.124950150876439, 0.150885339102578, 
0.39658769528104, 0.821666512340916, 1.21920288754052, 0.659410509926575, 
0.434396774934754, 0.919458419498544, 0.00817915609704041, 0.164156353137361, 
0.207359702429887, 0.195037270500429, 13.8461538461538, 49.5, 
0.284615384615385, 0.936510403317654, 1.04601160111442, 0.0473343426738368, 
0.536814254872393, 0.0956095804421266, 0.325213032581454, 0.34983709273183, 
0.313734335839599, 0.350263157894737), .Names = c("overlapping.F1", 
"overlapping.F1v", "overlapping.F2", "overlapping.F3", "overlapping.F4", 
"neighborhood.N1", "neighborhood.N2", "neighborhood.N3", "neighborhood.N4", 
"neighborhood.T1", "neighborhood.LSCAvg", "linearity.L1", "linearity.L2", 
"linearity.L3", "dimensionality.T2", "dimensionality.T3", "dimensionality.T4", 
"balance.C1", "balance.C2", "network.Density", "network.ClsCoef", 
"network.Hubs", "ANN", "C4.5", "kNN", "SVM"))
