aux <-
structure(c(992.020757406379, 783.252256096984, 753.948302069969, 
986.453161047808, 742.208246713389, 1200.53670607354, 1056.46441601256, 
915.692521845409, 883.756415420177, 780.979361970751, 953.811119118251, 
2765.97061154858, 1987.41340318244, 2007.36662130719, 2327.59353226566, 
2594.58753495159, 4523.71609040678, 651.925811599977, 1205.76711859902, 
1817.88485895774, 8.21403202307725e-56, 2.520008235676e-56, 3.02705751213429e-58, 
2.41719268537728e-57, 2.01095732685433e-56, 9.77403741645723e-58, 
1.8680906693873e-56, 9.72803338892569e-57, 1.03579302082027e-56, 
8.85434543222382e-59, 0.665957078455626, 0.660243632336656, 0.696751568844592, 
0.746754459699262, 0.673942355187099, 0.673942355187099, 0.684939091915836, 
0.672148394241417, 0.697751878996622, 0.687531736139962, 0.991967871485944, 
1, 1, 0.995983935742972, 0.992063492063492, 1, 1, 1, 0.996031746031746, 
1, 0.304761904761905, 0.295238095238095, 0.333333333333333, 0.314285714285714, 
0.273584905660377, 0.330188679245283, 0.314285714285714, 0.342857142857143, 
0.311320754716981, 0.314285714285714, 0.873911833874008, 0.880242487647089, 
0.892338691866772, 0.876715127329137, 0.884392776895014, 0.891244204568863, 
0.896648895114161, 0.878908003945728, 0.878928014247543, 0.872227327746196, 
0.180952380952381, 0.171428571428571, 0.20952380952381, 0.2, 
0.160377358490566, 0.19811320754717, 0.180952380952381, 0.171428571428571, 
0.160377358490566, 0.19047619047619, 0.0476190476190476, 0.019047619047619, 
0.0952380952380952, 0.0476190476190476, 0.0660377358490566, 0.113207547169811, 
0.0666666666666667, 0.0952380952380952, 0.0660377358490566, 0.0571428571428571, 
0.476190476190476, 0.466666666666667, 0.514285714285714, 0.476190476190476, 
0.509433962264151, 0.528301886792453, 0.476190476190476, 0.485714285714286, 
0.490566037735849, 0.466666666666667, 0.0823582766439909, 0.0826303854875283, 
0.0793650793650794, 0.0835374149659864, 0.0804556781772873, 0.0746707013171947, 
0.0824489795918367, 0.0825396825396825, 0.0822356710573158, 0.0855328798185941, 
0, 0, 0.000268091757826345, 0.000397776319183758, 0.000137756485023833, 
0, 0, 0, 0, 0, 0, 0, 0.00396825396825395, 0.00401606425702813, 
0.00396825396825395, 0, 0, 0, 0, 0, 0.00789203324927619, 0.00387596899224807, 
0.0117201919527501, 0.0119080975063043, 0.00779967159277502, 
0.00779967159277502, 0.0155961609449981, 0.00784422296050202, 
0.0153256704980843, 0.00833333333333334, 1.16666666666667, 1.16666666666667, 
1.16666666666667, 1.16666666666667, 1.17777777777778, 1.17777777777778, 
1.16666666666667, 1.16666666666667, 1.17777777777778, 1.16666666666667, 
15, 13.125, 13.125, 13.125, 13.25, 13.25, 13.125, 13.125, 15.1428571428571, 
13.125, 0.0777777777777778, 0.0888888888888889, 0.0888888888888889, 
0.0888888888888889, 0.0888888888888889, 0.0888888888888889, 0.0888888888888889, 
0.0888888888888889, 0.0777777777777778, 0.0888888888888889, 0.854324920109217, 
0.844800415874894, 0.844800415874894, 0.854324920109217, 0.850490581551389, 
0.850490581551389, 0.844800415874894, 0.844800415874894, 0.850490581551389, 
0.843497353637196, 1.36464405551873, 1.39728682170543, 1.39728682170543, 
1.36464405551873, 1.37710761344067, 1.37710761344067, 1.39728682170543, 
1.39728682170543, 1.37710761344067, 1.39797119512533, 0.127106227106227, 
0.124725274725275, 0.123626373626374, 0.12032967032967, 0.122911051212938, 
0.118418688230009, 0.123626373626374, 0.12014652014652, 0.121473495058401, 
0.127106227106227, 0.657652927277501, 0.667812867613791, 0.662038728534892, 
0.700029788501638, 0.666330829822312, 0.673763736263736, 0.6711605543509, 
0.674147563089963, 0.669477234401349, 0.675101305718145, 0.225469587862389, 
0.223125675562498, 0.238000506774996, 0.183282261223316, 0.215938286355661, 
0.207982566269396, 0.218608352419781, 0.225388303897101, 0.228170636018181, 
0.244246826563523, 0.5, 0.666666666666667, 0.916666666666667, 
0.666666666666667, 0.727272727272727, 0.727272727272727, 0.75, 
0.75, 0.818181818181818, 0.75, 0.666666666666667, 0.833333333333333, 
0.916666666666667, 1, 1, 0.636363636363636, 0.833333333333333, 
0.916666666666667, 0.909090909090909, 0.916666666666667, 0.583333333333333, 
0.833333333333333, 0.916666666666667, 0.75, 0.909090909090909, 
0.909090909090909, 0.916666666666667, 0.75, 0.909090909090909, 
0.583333333333333, 0.833333333333333, 0.75, 0.75, 0.75, 0.818181818181818, 
0.636363636363636, 0.666666666666667, 0.75, 0.727272727272727, 
0.75), .Dim = c(10L, 26L), .Dimnames = list(NULL, c("overlapping.F1", 
"overlapping.F1v", "overlapping.F2", "overlapping.F3", "overlapping.F4", 
"neighborhood.N1", "neighborhood.N2", "neighborhood.N3", "neighborhood.N4", 
"neighborhood.T1", "neighborhood.LSCAvg", "linearity.L1", "linearity.L2", 
"linearity.L3", "dimensionality.T2", "dimensionality.T3", "dimensionality.T4", 
"balance.C1", "balance.C2", "network.Density", "network.ClsCoef", 
"network.Hubs", "ANN", "C4.5", "kNN", "SVM")))
