aux <-
structure(c(909.531214465697, 2083.60367019372, 1.70002691779636e-56, 
0.685996255100417, 0.997604704532415, 0.313414195867026, 0.882555736323451, 
0.182362982929021, 0.0673854447439353, 0.489020664869722, 0.0815774748964496, 
8.03624562033936e-05, 0.0011952572193536, 0.00980950226230465, 
1.17, 13.5392857142857, 0.0866666666666667, 0.848282060200937, 
1.38477294333065, 0.122946990116801, 0.671751553557423, 0.221021300294684, 
0.727272727272727, 0.862878787878788, 0.806060606060606, 0.743181818181818
), .Names = c("overlapping.F1", "overlapping.F1v", "overlapping.F2", 
"overlapping.F3", "overlapping.F4", "neighborhood.N1", "neighborhood.N2", 
"neighborhood.N3", "neighborhood.N4", "neighborhood.T1", "neighborhood.LSCAvg", 
"linearity.L1", "linearity.L2", "linearity.L3", "dimensionality.T2", 
"dimensionality.T3", "dimensionality.T4", "balance.C1", "balance.C2", 
"network.Density", "network.ClsCoef", "network.Hubs", "ANN", 
"C4.5", "kNN", "SVM"))
