aux <-
structure(c(92.4860128421848, 97.3631561024636, 91.564732759933, 
84.4827536786098, 97.5551212401215, 91.4840327592107, 108.254215670747, 
78.4149215483338, 92.2176724231867, 89.3256667497733, 1534.48462558991, 
1264.59619104333, 411.067146911619, 732.205559029707, 892.221985919392, 
587.081541712776, 597.315315313032, 528.584464104683, 513.392894912589, 
345.176432121491, 1.23761707577281e-26, 1.78964966382425e-24, 
7.70723978271331e-29, 1.70704365654681e-31, 4.89305692318976e-29, 
3.48579979968907e-29, 3.76999720196005e-28, 7.34373169747092e-30, 
5.96472951371403e-29, 7.24288113822428e-28, 0.637149203111336, 
0.621035323960913, 0.649863085580029, 0.610563015184283, 0.638500925753664, 
0.629107569521327, 0.663032609942482, 0.603469421309819, 0.611296338130721, 
0.612135626347059, 0.996969696969697, 0.990904850746269, 0.996969696969697, 
1, 0.993697270471464, 0.992207792207792, 0.993748473748474, 0.98520730515223, 
0.987692307692308, 0.993748473748474, 0.598639455782313, 0.553333333333333, 
0.564625850340136, 0.587837837837838, 0.554794520547945, 0.614864864864865, 
0.614864864864865, 0.560810810810811, 0.619047619047619, 0.619047619047619, 
0.958889080229994, 0.979996834180624, 0.974545209237081, 0.948469073274748, 
0.975772885800032, 0.955573362611415, 0.965817393314246, 0.946414237346104, 
0.967787247146754, 0.968571140240871, 0.380952380952381, 0.373333333333333, 
0.380952380952381, 0.385135135135135, 0.376712328767123, 0.398648648648649, 
0.385135135135135, 0.371621621621622, 0.394557823129252, 0.408163265306122, 
0.163265306122449, 0.166666666666667, 0.0816326530612245, 0.101351351351351, 
0.143835616438356, 0.121621621621622, 0.135135135135135, 0.114864864864865, 
0.136054421768707, 0.136054421768707, 0.775510204081633, 0.766666666666667, 
0.782312925170068, 0.756756756756757, 0.787671232876712, 0.777027027027027, 
0.763513513513513, 0.783783783783784, 0.755102040816326, 0.802721088435374, 
0.0380859826923967, 0.0408444444444444, 0.0408163265306122, 0.0373447772096421, 
0.0372959279414524, 0.0389883126369613, 0.0399013878743608, 0.0362034331628926, 
0.0401221713175066, 0.0357258549678375, 0.00222933167026801, 
0.00056069886097906, 0.000730700096674811, 0.001614536764342, 
0.00152909049324398, 0.00233839192839344, 0.00257981289324526, 
0.00310226849241193, 0.00144881360484015, 0.00305484713105129, 
0.00541125541125541, 0.00149253731343284, 0.00151515151515151, 
0.00151515151515151, 0.00153846153846153, 0.00303030303030303, 
0.00540250447227192, 0.00535588442565187, 0.00545787545787546, 
0.00461538461538461, 0.0237790087252453, 0.0272073368099263, 
0.0440669207335874, 0.0221702695433246, 0.0359567671099002, 0.0322657758530281, 
0.0330468025506667, 0.0225663400329018, 0.0257077667680884, 0.0267640817268424, 
1.63333333333333, 1.66666666666667, 1.63333333333333, 1.64444444444444, 
1.62222222222222, 1.64444444444444, 1.64444444444444, 1.64444444444444, 
1.63333333333333, 1.63333333333333, 18.375, 16.6666666666667, 
16.3333333333333, 18.5, 18.25, 16.4444444444444, 18.5, 18.5, 
16.3333333333333, 18.375, 0.0888888888888889, 0.1, 0.1, 0.0888888888888889, 
0.0888888888888889, 0.1, 0.0888888888888889, 0.0888888888888889, 
0.1, 0.0888888888888889, 0.969614563777687, 0.968526898771221, 
0.969614563777687, 0.967589943287928, 0.968467374849341, 0.96610679981741, 
0.968594473948535, 0.968287135487115, 0.967419395892542, 0.967419395892542, 
1.03212354663869, 1.03319685712494, 1.03212354663869, 1.03372407849584, 
1.03353773936365, 1.03614480127969, 1.03314559541353, 1.0337257467709, 
1.03458961410913, 1.03458961410913, 0.0841487279843444, 0.0825950782997763, 
0.0832168483831889, 0.0854017282588711, 0.0803023145961266, 0.084574370288656, 
0.0867806582092296, 0.0827357970215113, 0.0833100363433044, 0.0830304724629578, 
0.757203740220088, 0.751467351430668, 0.766137295081967, 0.763562303277171, 
0.747745813653929, 0.751608357331046, 0.749090068750361, 0.747369117744391, 
0.746803710203058, 0.750855073435719, 0.185833072393703, 0.17663463388711, 
0.18840810672616, 0.18328155325146, 0.173389670235991, 0.190587813092414, 
0.190760855050975, 0.167865969673869, 0.183922943510622, 0.18933499048971, 
0.647058823529412, 0.571428571428571, 0.588235294117647, 0.5625, 
0.444444444444444, 0.5, 0.625, 0.5, 0.411764705882353, 0.705882352941177, 
0.764705882352941, 0.428571428571429, 0.588235294117647, 0.5, 
0.722222222222222, 0.4375, 0.625, 0.8125, 0.588235294117647, 
0.647058823529412, 0.647058823529412, 0.571428571428571, 0.705882352941177, 
0.625, 0.555555555555556, 0.625, 0.5625, 0.5, 0.529411764705882, 
0.588235294117647, 0.411764705882353, 0.357142857142857, 0.470588235294118, 
0.5, 0.5, 0.375, 0.4375, 0.5, 0.470588235294118, 0.470588235294118
), .Dim = c(10L, 26L), .Dimnames = list(NULL, c("overlapping.F1", 
"overlapping.F1v", "overlapping.F2", "overlapping.F3", "overlapping.F4", 
"neighborhood.N1", "neighborhood.N2", "neighborhood.N3", "neighborhood.N4", 
"neighborhood.T1", "neighborhood.LSCAvg", "linearity.L1", "linearity.L2", 
"linearity.L3", "dimensionality.T2", "dimensionality.T3", "dimensionality.T4", 
"balance.C1", "balance.C2", "network.Density", "network.ClsCoef", 
"network.Hubs", "ANN", "C4.5", "kNN", "SVM")))
