aux <-
structure(c(92.3148285774564, 740.612615665853, 1.80335514511225e-25, 
0.627615311884163, 0.99311458677064, 0.588786677647734, 0.964183646338187, 
0.385521205298113, 0.130048205879908, 0.775106523912786, 0.0385328618778107, 
0.00191884919354499, 0.00353345092949397, 0.0293531069853511, 
1.64, 17.6277777777778, 0.0933333333333334, 0.968164054550201, 
1.03369011399442, 0.0836096031847966, 0.75318428311284, 0.183001960831201, 
0.55563141923436, 0.61140289449113, 0.591007236227824, 0.449317226890756
), .Names = c("overlapping.F1", "overlapping.F1v", "overlapping.F2", 
"overlapping.F3", "overlapping.F4", "neighborhood.N1", "neighborhood.N2", 
"neighborhood.N3", "neighborhood.N4", "neighborhood.T1", "neighborhood.LSCAvg", 
"linearity.L1", "linearity.L2", "linearity.L3", "dimensionality.T2", 
"dimensionality.T3", "dimensionality.T4", "balance.C1", "balance.C2", 
"network.Density", "network.ClsCoef", "network.Hubs", "ANN", 
"C4.5", "kNN", "SVM"))
