aux <-
structure(c(34.3600726442742, 33.4452773842358, 34.7182050431656, 
29.6309189070117, 37.1677934427506, 37.285872312306, 32.0406761791829, 
35.8107820592151, 33.0808161062599, 35.0405073836205, 4.65749872331606, 
4.77064603452471, 4.63397346502639, 6.71366296435841, 4.797858313361, 
4.90811912029557, 4.61839482959825, 4.92570958567684, 4.84664490227242, 
4.88055029391714, 0.015650323070942, 0.0153035181661373, 0.0129263367763715, 
0.0201084437894332, 0.017518684545847, 0.0143434244720885, 0.0185215340705615, 
0.0145126752831638, 0.0165621131749869, 0.0157614982763524, 0.527694003527337, 
0.533059964726631, 0.528809523809524, 0.531675485008818, 0.550101410934744, 
0.641053791887125, 0.531124338624339, 0.53723544973545, 0.528712522045855, 
0.532888007054674, 0.736203703703704, 0.743981481481481, 0.74, 
0.750925925925926, 0.751203703703704, 0.815648148148148, 0.743148148148148, 
0.759814814814815, 0.792592592592593, 0.746944444444444, 0.397849462365591, 
0.412186379928315, 0.383512544802867, 0.354838709677419, 0.39426523297491, 
0.362007168458781, 0.387096774193548, 0.379928315412186, 0.39426523297491, 
0.376344086021505, 0.673177405981294, 0.684758212616755, 0.682534930487828, 
0.597933232685574, 0.678414244728875, 0.649342747232137, 0.671423996272997, 
0.644941287740292, 0.687774554448383, 0.672985460536356, 0.240143369175627, 
0.275985663082437, 0.247311827956989, 0.222222222222222, 0.240143369175627, 
0.232974910394265, 0.247311827956989, 0.229390681003584, 0.229390681003584, 
0.240143369175627, 0.150537634408602, 0.154121863799283, 0.207885304659498, 
0.182795698924731, 0.154121863799283, 0.154121863799283, 0.204301075268817, 
0.164874551971326, 0.146953405017921, 0.186379928315412, 0.541218637992832, 
0.598566308243728, 0.562724014336918, 0.491039426523298, 0.566308243727599, 
0.523297491039427, 0.562724014336918, 0.562724014336918, 0.577060931899642, 
0.562724014336918, 0.0285196747215478, 0.0272093112883956, 0.0264513559692193, 
0.040621266427718, 0.0285196747215478, 0.0300098919592503, 0.0273506249919708, 
0.0309605477833019, 0.0257319407510181, 0.0271065376857954, 0.053028868693342, 
0.0527428235525975, 0.0514391669731913, 0.0555999664609722, 0.0468602197807142, 
0.0471272646752859, 0.0519305974140474, 0.0505751763384993, 0.0471196107740515, 
0.0500122470103426, 0.0851058201058201, 0.0814065255731922, 0.0810273368606702, 
0.0842724867724868, 0.0758465608465609, 0.0795458553791887, 0.081957671957672, 
0.0801940035273369, 0.0651058201058201, 0.0763007054673722, 0.0522222222222222, 
0.0562037037037037, 0.0470414462081129, 0.0388007054673722, 0.0515740740740741, 
0.0530555555555556, 0.0553703703703704, 0.0530555555555556, 0.0440784832451499, 
0.0538888888888889, 46.5, 46.5, 46.5, 46.5, 46.5, 46.5, 46.5, 
46.5, 46.5, 46.5, 69.75, 69.75, 69.75, 69.75, 69.75, 69.75, 69.75, 
69.75, 69.75, 69.75, 0.666666666666667, 0.666666666666667, 0.666666666666667, 
0.666666666666667, 0.666666666666667, 0.666666666666667, 0.666666666666667, 
0.666666666666667, 0.666666666666667, 0.666666666666667, 0.94125908064116, 
0.94125908064116, 0.94125908064116, 0.94125908064116, 0.94125908064116, 
0.94125908064116, 0.94125908064116, 0.94125908064116, 0.94125908064116, 
0.94125908064116, 1.10246031746032, 1.10246031746032, 1.10246031746032, 
1.10246031746032, 1.10246031746032, 1.10246031746032, 1.10246031746032, 
1.10246031746032, 1.10246031746032, 1.10246031746032, 0.123101518784972, 
0.122173229158609, 0.122224800804518, 0.127846110208607, 0.12320466207679, 
0.123024161316108, 0.122946803847245, 0.123591449421108, 0.122972589670199, 
0.121863799283154, 0.629193947132495, 0.627208393131093, 0.621332327967741, 
0.629064246649438, 0.632540310775203, 0.631644443474132, 0.626190231862298, 
0.62762053379251, 0.62509622786759, 0.619214477390167, 0.241270548827969, 
0.240648578573407, 0.244504660420853, 0.264536405391189, 0.2382321393799, 
0.235370429841467, 0.245822478429989, 0.238575290565351, 0.240586716380577, 
0.244649973923836, 0.870967741935484, 0.903225806451613, 0.903225806451613, 
0.903225806451613, 0.838709677419355, 0.774193548387097, 0.935483870967742, 
0.774193548387097, 0.741935483870968, 0.870967741935484, 0.838709677419355, 
0.838709677419355, 0.774193548387097, 0.935483870967742, 0.838709677419355, 
0.806451612903226, 0.838709677419355, 0.806451612903226, 0.67741935483871, 
0.838709677419355, 0.838709677419355, 0.838709677419355, 0.870967741935484, 
0.806451612903226, 0.741935483870968, 0.774193548387097, 0.838709677419355, 
0.741935483870968, 0.838709677419355, 0.838709677419355, 0.838709677419355, 
0.870967741935484, 0.935483870967742, 0.967741935483871, 0.774193548387097, 
0.806451612903226, 0.903225806451613, 0.741935483870968, 0.741935483870968, 
0.870967741935484), .Dim = c(10L, 26L), .Dimnames = list(NULL, 
    c("overlapping.F1", "overlapping.F1v", "overlapping.F2", 
    "overlapping.F3", "overlapping.F4", "neighborhood.N1", "neighborhood.N2", 
    "neighborhood.N3", "neighborhood.N4", "neighborhood.T1", 
    "neighborhood.LSCAvg", "linearity.L1", "linearity.L2", "linearity.L3", 
    "dimensionality.T2", "dimensionality.T3", "dimensionality.T4", 
    "balance.C1", "balance.C2", "network.Density", "network.ClsCoef", 
    "network.Hubs", "ANN", "C4.5", "kNN", "SVM")))
