aux <-
structure(c(34.2580921462022, 4.97530582323468, 0.0161208551625884, 
0.54423544973545, 0.758046296296296, 0.384229390681003, 0.664328607273049, 
0.240501792114695, 0.170609318996416, 0.55483870967742, 0.0292480826299765, 
0.0506435941673044, 0.079076278659612, 0.0505291005291005, 46.5, 
69.75, 0.666666666666667, 0.94125908064116, 1.10246031746032, 
0.123294912457131, 0.626910514004267, 0.243419722173454, 0.851612903225807, 
0.819354838709678, 0.812903225806452, 0.845161290322581), .Names = c("overlapping.F1", 
"overlapping.F1v", "overlapping.F2", "overlapping.F3", "overlapping.F4", 
"neighborhood.N1", "neighborhood.N2", "neighborhood.N3", "neighborhood.N4", 
"neighborhood.T1", "neighborhood.LSCAvg", "linearity.L1", "linearity.L2", 
"linearity.L3", "dimensionality.T2", "dimensionality.T3", "dimensionality.T4", 
"balance.C1", "balance.C2", "network.Density", "network.ClsCoef", 
"network.Hubs", "ANN", "C4.5", "kNN", "SVM"))
