aux <-
structure(c(45.9605809029994, 45.1609296485476, 45.3001830251904, 
45.8749554417838, 45.0421278439944, 45.0183346376423, 45.8759789911924, 
47.1408458485245, 46.115273325641, 44.9415978959285, 15.4165158913987, 
15.2511380582756, 15.4632662855125, 15.1314351567752, 15.545354549908, 
15.5882214579241, 15.1223198681234, 15.6814184381162, 15.8790400265289, 
15.2982264427521, 0, 0, 0, 0, 0, 0, 0, 0, 0, 0, 1, 1, 1, 1, 1, 
1, 1, 1, 1, 1, 1, 1, 1, 1, 1, 1, 1, 1, 1, 1, 0.0604641693811075, 
0.0637474541751527, 0.0651863923405989, 0.0645621181262729, 0.0621054774994909, 
0.0621181262729124, 0.060272856851965, 0.0621054774994909, 0.0594825830107965, 
0.0655670942781511, 0.120254919517882, 0.123374572060587, 0.123202666073438, 
0.122282213036966, 0.121293723992753, 0.122930179645544, 0.121203618433182, 
0.121856235582409, 0.117607869171316, 0.124957590735247, 0.0264657980456026, 
0.0279022403258656, 0.0275005092686902, 0.0256619144602851, 0.0252494400325799, 
0.0258655804480652, 0.0252494400325799, 0.0272856851964977, 0.0260745569362396, 
0.0295255548768072, 0.0936482084690554, 0.0955193482688391, 0.0932980240374822, 
0.0955193482688391, 0.0887802891468133, 0.10061099796334, 0.0981470169008349, 
0.0979433923844431, 0.0861682623752292, 0.088169415597638, 0.0877442996742671, 
0.090224032586558, 0.0892238745161947, 0.0879837067209776, 0.0893911626959886, 
0.0887983706720978, 0.0897984117287721, 0.0885766646304215, 0.0880016296598085, 
0.0887802891468133, 0.0122653406800072, 0.0120836150505432, 0.0122988855512142, 
0.012308850552304, 0.0122484438024322, 0.0121140612491237, 0.0119948149759675, 
0.012259597334281, 0.0128263505600254, 0.0124102322086551, 0.00168940512625916, 
0.00169755392277263, 0.00182045676311575, 0.00177560649348988, 
0.00172432463543495, 0.00174573969538284, 0.00180281107188724, 
0.00181891832166002, 0.00158778110261961, 0.00160406763639609, 
0.00637427907608079, 0.00617902000641292, 0.00665361478441197, 
0.00626237967362038, 0.00648019244081009, 0.00695701437839646, 
0.00675142233321596, 0.00639130204520912, 0.00603009452876513, 
0.00610172194271275, 0.00112022176641545, 0.00136053628039543, 
0.000920658699778624, 0.000917340601600776, 0.00100077556793571, 
0.00111211285876639, 0.000971821530272717, 0.00124686764915111, 
0.000591651171204891, 0.00100055227829545, 1228, 1227.5, 1227.25, 
1227.5, 1227.75, 1227.5, 1227.75, 1227.75, 1227.25, 1227.75, 
1228, 1227.5, 1227.25, 1227.5, 1227.75, 1227.5, 1227.75, 1227.75, 
1227.25, 1227.75, 1, 1, 1, 1, 1, 1, 1, 1, 1, 1, 0.857565347288789, 
0.857217033921199, 0.857258552918378, 0.857496824776593, 0.857319765678685, 
0.857217033921199, 0.857319765678685, 0.857182922664135, 0.857258552918378, 
0.857327126594946, 1.15842143639613, 1.15880592320437, 1.15874692108475, 
1.15854859092718, 1.15864675893961, 1.15880592320437, 1.15864675893961, 
1.15883760155777, 1.15874692108475, 1.1586196068712, 0.110894442244592, 
0.110579056133234, 0.110978903243597, 0.110947969957504, 0.110590838721503, 
0.11076591936586, 0.110663994250407, 0.111686263971192, 0.111307541343736, 
0.111283659733895, 0.698335401374962, 0.695622821125973, 0.696208049492693, 
0.694005884266429, 0.692705916500573, 0.695055938766282, 0.693715976341846, 
0.697055259088343, 0.69284905594772, 0.695770999394199, 0.187323065425023, 
0.185852886580335, 0.188167724252748, 0.188077506075701, 0.193301112880442, 
0.188685747690281, 0.18950438999003, 0.190800155282778, 0.189804427653976, 
0.189715238101319, 0.959558823529412, 0.97985347985348, 0.974405850091408, 
0.983516483516483, 0.990825688073395, 0.970695970695971, 0.98348623853211, 
0.990825688073395, 0.96709323583181, 0.957798165137615, 1, 0.996336996336996, 
1, 1, 1, 1, 1, 1, 1, 1, 0.961397058823529, 0.981684981684982, 
0.976234003656307, 0.974358974358974, 0.976146788990826, 0.97985347985348, 
0.976146788990826, 0.965137614678899, 0.961608775137112, 0.987155963302752, 
0.950367647058823, 0.95970695970696, 0.948811700182815, 0.965201465201465, 
0.955963302752294, 0.956043956043956, 0.976146788990826, 0.957798165137615, 
0.928702010968921, 0.948623853211009), .Dim = c(10L, 26L), .Dimnames = list(
    NULL, c("overlapping.F1", "overlapping.F1v", "overlapping.F2", 
    "overlapping.F3", "overlapping.F4", "neighborhood.N1", "neighborhood.N2", 
    "neighborhood.N3", "neighborhood.N4", "neighborhood.T1", 
    "neighborhood.LSCAvg", "linearity.L1", "linearity.L2", "linearity.L3", 
    "dimensionality.T2", "dimensionality.T3", "dimensionality.T4", 
    "balance.C1", "balance.C2", "network.Density", "network.ClsCoef", 
    "network.Hubs", "ANN", "C4.5", "kNN", "SVM")))
