aux <-
structure(c(45.6430807561444, 15.4376936175315, 0, 1, 1, 0.0625611749435939, 
0.121896358824932, 0.0266780719623213, 0.0937804303412514, 0.0888522442031899, 
0.0122810191964553, 0.00172666647690182, 0.00641810412096356, 
0.00102425384038165, 1227.6, 1227.6, 1, 0.857316292636099, 1.15868264422097, 
0.110969858896552, 0.695132530229902, 0.189123225393263, 0.975805962333508, 
0.9996336996337, 0.973972442947769, 0.954736584925468), .Names = c("overlapping.F1", 
"overlapping.F1v", "overlapping.F2", "overlapping.F3", "overlapping.F4", 
"neighborhood.N1", "neighborhood.N2", "neighborhood.N3", "neighborhood.N4", 
"neighborhood.T1", "neighborhood.LSCAvg", "linearity.L1", "linearity.L2", 
"linearity.L3", "dimensionality.T2", "dimensionality.T3", "dimensionality.T4", 
"balance.C1", "balance.C2", "network.Density", "network.ClsCoef", 
"network.Hubs", "ANN", "C4.5", "kNN", "SVM"))
