aux <-
structure(c(13.6289636907877, 3.92576487376224, 0.661719811026634, 
0.255918589719549, 0.339257359467687, 0.143125557849254, 0.0308377640886353, 
0.0117193949679365, 0.101340534831098, 0.0974783502639162, 0.0428922605123433, 
0.200011375285323, 0.240426710848632, 0.230640892334571, 975.6, 
1463.4, 0.666666666666667, 0.269838440932319, 7.94765757639552, 
0.153242188830779, 0.60005426878891, 0.572959296468756, 0.916662892744111, 
0.939101877735599, 0.987695978293678, 0.92188615181287), .Names = c("overlapping.F1", 
"overlapping.F1v", "overlapping.F2", "overlapping.F3", "overlapping.F4", 
"neighborhood.N1", "neighborhood.N2", "neighborhood.N3", "neighborhood.N4", 
"neighborhood.T1", "neighborhood.LSCAvg", "linearity.L1", "linearity.L2", 
"linearity.L3", "dimensionality.T2", "dimensionality.T3", "dimensionality.T4", 
"balance.C1", "balance.C2", "network.Density", "network.ClsCoef", 
"network.Hubs", "ANN", "C4.5", "kNN", "SVM"))
