aux <-
structure(c(13.7680857021846, 13.046334695399, 13.9155402580427, 
12.8858057053014, 13.1496281371103, 13.0169909670154, 14.8443536745918, 
13.4152696513275, 14.0942539598845, 14.1533741570199, 3.92497614996268, 
3.73139756649825, 3.88073567564519, 3.77269607333158, 3.92607012055448, 
3.86886032441924, 4.14286311424519, 3.92822693830439, 4.04578425657766, 
4.03603851808374, 0.661728774371296, 0.661728774371296, 0.661728774371296, 
0.661728774371296, 0.661728774371296, 0.661728774371296, 0.661639140924674, 
0.661728774371296, 0.661728774371296, 0.661728774371296, 0.252205355570724, 
0.25693038224759, 0.256324102014811, 0.254440475177171, 0.260065461765852, 
0.255391161231582, 0.251273727191386, 0.258183074700477, 0.255450205320201, 
0.258921951975695, 0.336399850111453, 0.336843761240551, 0.339100446421345, 
0.341317425579624, 0.345772739876435, 0.338961535818619, 0.33635991891606, 
0.33936327457235, 0.340227326606605, 0.33822731553383, 0.142418032786885, 
0.14149008885851, 0.145199863341305, 0.142173615857826, 0.142222222222222, 
0.144858216604031, 0.141393442622951, 0.144224196855776, 0.14383327639221, 
0.14344262295082, 0.0293376088544247, 0.0305593201886382, 0.0305848092200319, 
0.0304459438845596, 0.0320595129430697, 0.0314137477769426, 0.0312083679115212, 
0.0293873785462194, 0.0316878151916587, 0.0316931363692872, 0.0112704918032787, 
0.0126452494873548, 0.0105910488554834, 0.01161995898838, 0.0133333333333333, 
0.0112743423300307, 0.0116120218579235, 0.0109364319890636, 0.0116159890673044, 
0.0122950819672131, 0.100409836065574, 0.100136705399863, 0.100785787495729, 
0.106288448393712, 0.106666666666667, 0.0963443799111719, 0.0997267759562842, 
0.106971975393028, 0.106935428766655, 0.0891393442622951, 0.0976775956284153, 
0.0963773069036227, 0.0973693201229928, 0.0970608339029392, 0.0967521367521368, 
0.0983942603348138, 0.0966530054644809, 0.0974025974025974, 0.0983942603348138, 
0.0987021857923497, 0.0425986424646899, 0.0425273632724077, 0.0427773930474714, 
0.0432327322998978, 0.0433224925122361, 0.0426307895961507, 0.0431371821717579, 
0.043153189940613, 0.042414035926483, 0.0431287838917256, 0.19090745244984, 
0.198849564728035, 0.202949492853003, 0.205041628470186, 0.200255805114222, 
0.202302608189598, 0.198887542731972, 0.201026276017233, 0.197953344642758, 
0.20194003765638, 0.238580734876271, 0.240040235887378, 0.239227411316886, 
0.244494365041496, 0.245875613492505, 0.23357267141757, 0.239104258369332, 
0.250030364388627, 0.23580685107096, 0.237534602625295, 0.222388054902295, 
0.241758073389398, 0.245309945361435, 0.230878247729585, 0.231579902035517, 
0.226376150031741, 0.225731445158326, 0.220510623606684, 0.232788321483703, 
0.229088159647028, 976, 975.333333333333, 975.666666666667, 975.333333333333, 
975, 975.666666666667, 976, 975.333333333333, 975.666666666667, 
976, 1464, 1463, 1463.5, 1463, 1462.5, 1463.5, 1464, 1463, 1463.5, 
1464, 0.666666666666667, 0.666666666666667, 0.666666666666667, 
0.666666666666667, 0.666666666666667, 0.666666666666667, 0.666666666666667, 
0.666666666666667, 0.666666666666667, 0.666666666666667, 0.270526553183557, 
0.269870629842488, 0.269793568655339, 0.269120081504407, 0.269191598986836, 
0.269848065327014, 0.270560129908287, 0.269120081504407, 0.269798977353647, 
0.270554723057212, 7.91939127883881, 7.94524630642372, 7.94818321183097, 
7.97718692211564, 7.97423932176423, 7.94817959505862, 7.91938949713238, 
7.97718692211564, 7.9481828065799, 7.91938990209525, 0.153556906584821, 
0.152731712731713, 0.153360152874655, 0.152817708607182, 0.152873127784209, 
0.153347542537121, 0.153569041578221, 0.153062376220271, 0.153752240962066, 
0.153351078427529, 0.598358409025848, 0.600392287077677, 0.59981467293853, 
0.601352020015801, 0.600811057410364, 0.600375243515641, 0.59923718009047, 
0.600828893149756, 0.599586997388872, 0.599785927276139, 0.541935327457473, 
0.574004196443807, 0.597353705563302, 0.551674618031446, 0.59134167782301, 
0.557658751893326, 0.574760336577994, 0.587836601627336, 0.584014725298134, 
0.56901302397173, 0.925925925925926, 0.923312883435583, 0.910769230769231, 
0.917177914110429, 0.917431192660551, 0.913846153846154, 0.904320987654321, 
0.920245398773006, 0.913846153846154, 0.919753086419753, 0.929012345679012, 
0.93558282208589, 0.947692307692308, 0.932515337423313, 0.935779816513762, 
0.953846153846154, 0.922839506172839, 0.96319018404908, 0.938461538461538, 
0.932098765432099, 0.981481481481482, 0.987730061349693, 1, 0.969325153374233, 
0.99388379204893, 0.993846153846154, 0.975308641975309, 0.993865030674847, 
0.987692307692308, 0.993827160493827, 0.925925925925926, 0.932515337423313, 
0.92, 0.926380368098159, 0.929663608562691, 0.92, 0.916666666666667, 
0.911042944785276, 0.92, 0.916666666666667), .Dim = c(10L, 26L
), .Dimnames = list(NULL, c("overlapping.F1", "overlapping.F1v", 
"overlapping.F2", "overlapping.F3", "overlapping.F4", "neighborhood.N1", 
"neighborhood.N2", "neighborhood.N3", "neighborhood.N4", "neighborhood.T1", 
"neighborhood.LSCAvg", "linearity.L1", "linearity.L2", "linearity.L3", 
"dimensionality.T2", "dimensionality.T3", "dimensionality.T4", 
"balance.C1", "balance.C2", "network.Density", "network.ClsCoef", 
"network.Hubs", "ANN", "C4.5", "kNN", "SVM")))
