aux <-
structure(c(13.1535335187577, 13.8172388004334, 14.4208421575483, 
14.3753455973208, 13.5065097818179, 14.2217356004971, 13.7834505870986, 
14.8798015704459, 13.7291178494432, 14.9996302576395, 3.75564293428488, 
3.93203821491875, 3.9653299229503, 3.80006208635907, 3.83822120122905, 
3.90234726318777, 4.0722958790207, 4.2469822497615, 4.05956607275099, 
4.07345074391911, 0.618408871489619, 0.628116250524724, 0.617461782734215, 
0.597102674192686, 0.618601949566766, 0.6214244046945, 0.623200230164947, 
0.598034047570923, 0.588635948165742, 0.623684260417686, 0.278468270512235, 
0.302181813076922, 0.284770234847073, 0.283660554953298, 0.283195095630007, 
0.280740360145656, 0.277840695877742, 0.279149890426186, 0.288523670888999, 
0.288502601961095, 0.36529953977919, 0.387863529507999, 0.373912121005831, 
0.386053947034059, 0.385968562567598, 0.372776140473476, 0.373661894873027, 
0.376371601323359, 0.401605552223393, 0.374346543251171, 0.157426420260096, 
0.154582763337893, 0.1492128678987, 0.154794520547945, 0.157426420260096, 
0.152739726027397, 0.152635181382615, 0.154688569472964, 0.152159013022618, 
0.151266255989049, 0.324092665151002, 0.309230312084476, 0.316223641550128, 
0.311103491029463, 0.320509993322197, 0.316218691810708, 0.319846076998395, 
0.296777323702298, 0.310194885226555, 0.312972746832004, 0.129363449691992, 
0.120383036935705, 0.11772758384668, 0.122602739726027, 0.124572210814511, 
0.118493150684932, 0.118412046543463, 0.125256673511294, 0.12268677176148, 
0.117043121149897, 0.108829568788501, 0.112175102599179, 0.0965092402464066, 
0.108904109589041, 0.106091718001369, 0.104794520547945, 0.0937713894592745, 
0.0958247775496235, 0.087731322823852, 0.10403832991102, 0.1854893908282, 
0.182626538987688, 0.182751540041068, 0.183561643835616, 0.179329226557153, 
0.182191780821918, 0.182751540041068, 0.180013689253936, 0.179575051405072, 
0.173853524982888, 0.0424774457594936, 0.0453593170160247, 0.0436407044015964, 
0.0442550197035091, 0.0443087699769644, 0.0431173766185025, 0.0429885674584602, 
0.0514209042684518, 0.0463023816156578, 0.044669975137279, 0.198687612547673, 
0.163065068396193, 0.198699980442365, 0.198518650003524, 0.201805766503787, 
0.198438832128121, 0.165901954508165, 0.144773141912084, 0.171572566074715, 
0.201944297603306, 0.241362906673658, 0.227948609725279, 0.245895514813081, 
0.233711739469246, 0.237433988086897, 0.235303376790397, 0.235721211122855, 
0.215590377667213, 0.227741505494826, 0.234852249331074, 0.240928859696617, 
0.216865583008617, 0.237013478495553, 0.233900252942801, 0.271319088003492, 
0.238788890503744, 0.209026861031008, 0.205686123833549, 0.207746225572904, 
0.255629273838333, 487, 487.333333333333, 487, 486.666666666667, 
487, 486.666666666667, 487, 487, 486.333333333333, 487, 730.5, 
731, 730.5, 730, 730.5, 730, 730.5, 730.5, 729.5, 730.5, 0.666666666666667, 
0.666666666666667, 0.666666666666667, 0.666666666666667, 0.666666666666667, 
0.666666666666667, 0.666666666666667, 0.666666666666667, 0.666666666666667, 
0.666666666666667, 0.273293738542466, 0.274811072395501, 0.273197485461773, 
0.271848181858776, 0.273293738542466, 0.271848181858776, 0.273293738542466, 
0.273197485461773, 0.270497320315204, 0.274787222328394, 7.808256541284, 
7.75274570721244, 7.80826299731292, 7.86458654915207, 7.808256541284, 
7.86458654915207, 7.808256541284, 7.80826299731292, 7.92175153816565, 
7.74701332166001, 0.152864898315097, 0.152366452526285, 0.152785200603827, 
0.153005905715117, 0.152802077766214, 0.153576760212944, 0.152481411680872, 
0.153581240096387, 0.152701504591434, 0.152950221747161, 0.598707860998556, 
0.599843898293965, 0.598894463117479, 0.599119952104774, 0.595622777298054, 
0.595844220179651, 0.600516369528474, 0.597954004118626, 0.599046329023187, 
0.598242025256073, 0.579890081889502, 0.571378595542332, 0.581854515138434, 
0.584959506473508, 0.587024070666773, 0.577175683219859, 0.587851583130069, 
0.595647489163085, 0.569474385714197, 0.579303905722436, 0.919753086419753, 
0.919254658385093, 0.907407407407407, 0.907975460122699, 0.919753086419753, 
0.883435582822086, 0.901234567901235, 0.919753086419753, 0.914634146341463, 
0.91358024691358, 0.91358024691358, 0.93167701863354, 0.895061728395062, 
0.895705521472393, 0.901234567901235, 0.901840490797546, 0.91358024691358, 
0.901234567901235, 0.914634146341463, 0.895061728395062, 0.91358024691358, 
0.869565217391304, 0.864197530864197, 0.865030674846626, 0.87037037037037, 
0.852760736196319, 0.87037037037037, 0.895061728395062, 0.890243902439024, 
0.876543209876543, 0.932098765432099, 0.93167701863354, 0.91358024691358, 
0.907975460122699, 0.925925925925926, 0.895705521472393, 0.919753086419753, 
0.919753086419753, 0.902439024390244, 0.901234567901235), .Dim = c(10L, 
26L), .Dimnames = list(NULL, c("overlapping.F1", "overlapping.F1v", 
"overlapping.F2", "overlapping.F3", "overlapping.F4", "neighborhood.N1", 
"neighborhood.N2", "neighborhood.N3", "neighborhood.N4", "neighborhood.T1", 
"neighborhood.LSCAvg", "linearity.L1", "linearity.L2", "linearity.L3", 
"dimensionality.T2", "dimensionality.T3", "dimensionality.T4", 
"balance.C1", "balance.C2", "network.Density", "network.ClsCoef", 
"network.Hubs", "ANN", "C4.5", "kNN", "SVM")))
