aux <-
structure(c(14.0887205721002, 3.96459365683821, 0.613467041952181, 
0.284703318831921, 0.37978594320391, 0.153693173819937, 0.313716982770723, 
0.121654078466598, 0.101867007951621, 0.181214392675461, 0.044854046195594, 
0.184340787011993, 0.233556147917453, 0.231690463692662, 486.9, 
730.35, 0.666666666666667, 0.27300681653076, 7.81919792838201, 
0.152911567325534, 0.598379189991884, 0.58145598166602, 0.910678132915282, 
0.90636102636647, 0.87677239876634, 0.915014270363122), .Names = c("overlapping.F1", 
"overlapping.F1v", "overlapping.F2", "overlapping.F3", "overlapping.F4", 
"neighborhood.N1", "neighborhood.N2", "neighborhood.N3", "neighborhood.N4", 
"neighborhood.T1", "neighborhood.LSCAvg", "linearity.L1", "linearity.L2", 
"linearity.L3", "dimensionality.T2", "dimensionality.T3", "dimensionality.T4", 
"balance.C1", "balance.C2", "network.Density", "network.ClsCoef", 
"network.Hubs", "ANN", "C4.5", "kNN", "SVM"))
