aux <-
structure(c(11.8265796587938, 13.0402938890459, 12.9440334859098, 
12.788222397509, 12.6336556419291, 14.0796958169552, 14.1383116935313, 
11.7278277607308, 12.997635524818, 12.271863426503, 3.63643655451309, 
3.67221187455494, 3.64339610825576, 3.67874973346612, 3.56714288099153, 
3.89948192015157, 3.8087795986653, 3.44234850966014, 3.54739867054075, 
3.51464731366144, 0.595772394342273, 0.604127419335514, 0.604728993749061, 
0.604706249067429, 0.575522063884889, 0.588757856097911, 0.594299529177956, 
0.604491720728077, 0.603968791591689, 0.575833739363235, 0.273698672800861, 
0.271981537644423, 0.271924899633447, 0.289073027504669, 0.276488603225901, 
0.274522358179431, 0.30500971539534, 0.277113894043245, 0.303969764383745, 
0.278841974778576, 0.370745848734834, 0.361482752380213, 0.377676240873934, 
0.386577019011922, 0.378591408816843, 0.371713514361191, 0.385112930386542, 
0.368139423390533, 0.387945171954722, 0.383544753757092, 0.170927684441198, 
0.168736303871439, 0.164473684210526, 0.168005843681519, 0.172388604821037, 
0.162043795620438, 0.163011695906433, 0.175912408759124, 0.163011695906433, 
0.162892622352082, 0.337240425712966, 0.322311516245916, 0.33134721567881, 
0.325374574620976, 0.334029115712938, 0.323072260684309, 0.306200943508608, 
0.332944764394407, 0.329786950883509, 0.326406113778846, 0.135135135135135, 
0.130021913805698, 0.127923976608187, 0.130752373995617, 0.130021913805698, 
0.131386861313869, 0.127923976608187, 0.135766423357664, 0.130116959064327, 
0.12417823228634, 0.111029948867787, 0.113221329437546, 0.115497076023392, 
0.115412710007305, 0.116143170197224, 0.109489051094891, 0.12280701754386, 
0.121897810218978, 0.109649122807018, 0.0920379839298758, 0.197954711468225, 
0.18845872899927, 0.190058479532164, 0.191380569758948, 0.196493791088386, 
0.196350364963504, 0.18640350877193, 0.19051094890511, 0.190789473684211, 
0.195763330898466, 0.0415295164076085, 0.0455948021541372, 0.0426263636674532, 
0.0482189096881218, 0.0421388557333121, 0.0453615003463157, 0.0494714185561369, 
0.0418077681282967, 0.0417361324852091, 0.043354332952185, 0.204603445282025, 
0.203936276282128, 0.200327613264642, 0.172620175541701, 0.201141499747564, 
0.202624946804827, 0.205080881753213, 0.201838876093113, 0.192113506596855, 
0.203998270508809, 0.240143811455702, 0.24119882499395, 0.236280052550251, 
0.237123122470477, 0.244073185280042, 0.226155348409506, 0.240362776743512, 
0.244366001695906, 0.238808257534096, 0.237665380090107, 0.238483939620025, 
0.260072056451899, 0.237254884474423, 0.258269485508781, 0.229601899402474, 
0.221619341048476, 0.238420862392525, 0.245994042552016, 0.245918009441662, 
0.236403179338679, 456.333333333333, 456.333333333333, 456, 456.333333333333, 
456.333333333333, 456.666666666667, 456, 456.666666666667, 456, 
456.333333333333, 684.5, 684.5, 684, 684.5, 684.5, 685, 684, 
685, 684, 684.5, 0.666666666666667, 0.666666666666667, 0.666666666666667, 
0.666666666666667, 0.666666666666667, 0.666666666666667, 0.666666666666667, 
0.666666666666667, 0.666666666666667, 0.666666666666667, 0.287303272052471, 
0.285844474980079, 0.285903088435085, 0.287405993565175, 0.287405993565175, 
0.288804389424697, 0.285903088435085, 0.288882786544648, 0.285903088435085, 
0.287405993565175, 7.27633993372301, 7.33449352857844, 7.32867975216023, 
7.27633254375947, 7.27633254375947, 7.22475851111499, 7.32867975216023, 
7.2247539661833, 7.32867975216023, 7.27633254375947, 0.15125331590481, 
0.151293897026472, 0.151630753303644, 0.151774462940893, 0.151132640464077, 
0.151527301616077, 0.151586904349388, 0.15068913853684, 0.151029701784332, 
0.151030119735667, 0.597151245551929, 0.598648809469488, 0.598373173159415, 
0.595995310226505, 0.601340455046591, 0.600043269556059, 0.598409412264586, 
0.601113950244567, 0.600331115127461, 0.598719128932322, 0.571688076534615, 
0.528501432713517, 0.522720056177659, 0.493200384846637, 0.518813179799974, 
0.549591423744015, 0.533161617139233, 0.516979618608869, 0.523880993263701, 
0.527724365915181, 0.907894736842105, 0.914473684210526, 0.915032679738562, 
0.907894736842105, 0.927631578947368, 0.894039735099338, 0.901960784313726, 
0.927152317880795, 0.901960784313726, 0.907894736842105, 0.907894736842105, 
0.907894736842105, 0.915032679738562, 0.901315789473684, 0.914473684210526, 
0.887417218543046, 0.875816993464052, 0.900662251655629, 0.901960784313726, 
0.894736842105263, 0.914473684210526, 0.855263157894737, 0.882352941176471, 
0.855263157894737, 0.894736842105263, 0.860927152317881, 0.856209150326797, 
0.874172185430464, 0.869281045751634, 0.848684210526316, 0.907894736842105, 
0.914473684210526, 0.915032679738562, 0.907894736842105, 0.914473684210526, 
0.894039735099338, 0.908496732026144, 0.927152317880795, 0.915032679738562, 
0.921052631578947), .Dim = c(10L, 26L), .Dimnames = list(NULL, 
    c("overlapping.F1", "overlapping.F1v", "overlapping.F2", 
    "overlapping.F3", "overlapping.F4", "neighborhood.N1", "neighborhood.N2", 
    "neighborhood.N3", "neighborhood.N4", "neighborhood.T1", 
    "neighborhood.LSCAvg", "linearity.L1", "linearity.L2", "linearity.L3", 
    "dimensionality.T2", "dimensionality.T3", "dimensionality.T4", 
    "balance.C1", "balance.C2", "network.Density", "network.ClsCoef", 
    "network.Hubs", "ANN", "C4.5", "kNN", "SVM")))
