aux <-
structure(c(12.8448119295726, 3.64105931644606, 0.595220875733803, 
0.282262444758964, 0.377152906366783, 0.167140433957023, 0.326871388122129, 
0.130322776598072, 0.112718522012788, 0.192416390807021, 0.0441839600118776, 
0.198828549187488, 0.238617676122355, 0.241203770023096, 456.3, 
684.45, 0.666666666666667, 0.287076216900268, 7.28753828273588, 
0.15129482356622, 0.599012586957892, 0.52862611487434, 0.910593577503036, 
0.90072057171887, 0.871136352763483, 0.912554361816761), .Names = c("overlapping.F1", 
"overlapping.F1v", "overlapping.F2", "overlapping.F3", "overlapping.F4", 
"neighborhood.N1", "neighborhood.N2", "neighborhood.N3", "neighborhood.N4", 
"neighborhood.T1", "neighborhood.LSCAvg", "linearity.L1", "linearity.L2", 
"linearity.L3", "dimensionality.T2", "dimensionality.T3", "dimensionality.T4", 
"balance.C1", "balance.C2", "network.Density", "network.ClsCoef", 
"network.Hubs", "ANN", "C4.5", "kNN", "SVM"))
