aux <-
structure(c(10.4353193809353, 10.247833668029, 13.4310533022991, 
10.9245980461369, 10.8541993431497, 11.0086374115293, 11.5847514989715, 
10.7365489046043, 10.7565793257288, 11.5160192496961, 3.11263935284752, 
3.14367187056581, 3.50297963477189, 3.09374789397253, 3.26905409905359, 
3.12022283230105, 3.08887241897882, 3.24013503970284, 3.13907495980212, 
3.24732180578655, 0.647653203626029, 0.64932998364702, 0.602393768509011, 
0.637205791713502, 0.677854481983011, 0.676275147522505, 0.679673950883456, 
0.654353051381178, 0.63960140714105, 0.65178190311716, 0.185366537736917, 
0.168035613445079, 0.241897240884137, 0.179574981985214, 0.1511385387716, 
0.148480504577936, 0.151124318587082, 0.154266669004129, 0.166200041912571, 
0.167909178025689, 0.27296241692593, 0.278716945768544, 0.331614402743635, 
0.284836702513794, 0.239478108438547, 0.235290456977641, 0.258510187608164, 
0.262522079241827, 0.276035484083335, 0.255852451718806, 0.180351906158358, 
0.18108504398827, 0.172413793103448, 0.181818181818182, 0.174008810572687, 
0.178885630498534, 0.17461482024945, 0.173274596182085, 0.185483870967742, 
0.180952380952381, 0.361931432762716, 0.366970437101393, 0.34617948360429, 
0.359634972070669, 0.358278362952511, 0.367435099738599, 0.339791821175616, 
0.355398626131023, 0.364297846417366, 0.35177500301867, 0.138563049853372, 
0.139296187683284, 0.129126925898753, 0.137096774193548, 0.129221732745962, 
0.135630498533724, 0.13059427732942, 0.132892804698972, 0.145161290322581, 
0.138461538461538, 0.101906158357771, 0.11950146627566, 0.0939104915627293, 
0.129032258064516, 0.113803230543319, 0.104838709677419, 0.107116654438738, 
0.0859030837004405, 0.111436950146628, 0.123809523809524, 0.208211143695015, 
0.208211143695015, 0.198826118855466, 0.20307917888563, 0.196035242290749, 
0.201612903225806, 0.201027146001467, 0.204111600587372, 0.204545454545455, 
0.194139194139194, 0.0360371642830729, 0.0342779559859306, 0.0376187782226961, 
0.0353615379984692, 0.0358573704990286, 0.0347498731521057, 0.0392906760743666, 
0.0365770299788037, 0.035589434215392, 0.0393623958459123, 0.200374968482344, 
0.209257983210049, 0.20900417550414, 0.186862989161157, 0.202742961948727, 
0.178705326486796, 0.201807946624412, 0.182307674401525, 0.194782096976186, 
0.204247359720513, 0.23911776011649, 0.242482540197534, 0.235429255306083, 
0.232632312660527, 0.239430893476714, 0.222669067963573, 0.235050318791352, 
0.235035506860516, 0.234743524233764, 0.233176143727503, 0.227918505783932, 
0.259476199383398, 0.240852315823126, 0.242593252482198, 0.251799978383362, 
0.220904388032921, 0.244189355839397, 0.220777994848206, 0.237540818343113, 
0.227449202052963, 454.666666666667, 454.666666666667, 454.333333333333, 
454.666666666667, 454, 454.666666666667, 454.333333333333, 454, 
454.666666666667, 455, 682, 682, 681.5, 682, 681, 682, 681.5, 
681, 682, 682.5, 0.666666666666667, 0.666666666666667, 0.666666666666667, 
0.666666666666667, 0.666666666666667, 0.666666666666667, 0.666666666666667, 
0.666666666666667, 0.666666666666667, 0.666666666666667, 0.286421241546601, 
0.286591400193253, 0.283449740071505, 0.284866868988747, 0.283489145876195, 
0.286421241546601, 0.283328350576845, 0.283466041321848, 0.284866868988747, 
0.286259201468869, 7.30540531558511, 7.30539422103115, 7.41800600059786, 
7.36421591199555, 7.41210501225058, 7.30540531558511, 7.41801436227677, 
7.41210689650986, 7.36421591199555, 7.31122609904028, 0.149737619491246, 
0.150170079370373, 0.150970208025615, 0.150430415914524, 0.150445437782748, 
0.150231398308458, 0.151144738812523, 0.150529594612237, 0.150065729598544, 
0.150140182398247, 0.596809370097508, 0.595530308761466, 0.596522953364866, 
0.595441801065783, 0.597456931281748, 0.592442578003981, 0.593691114307846, 
0.596032127140537, 0.595882543789507, 0.59702324506395, 0.542872609484725, 
0.566959297609396, 0.576945387078536, 0.580988288505327, 0.584565782838759, 
0.533686435215103, 0.5750539853598, 0.565419155606093, 0.559175229774033, 
0.550366441120216, 0.913907284768212, 0.907284768211921, 0.881578947368421, 
0.894039735099338, 0.869281045751634, 0.920529801324503, 0.907894736842105, 
0.901960784313726, 0.900662251655629, 0.9, 0.907284768211921, 
0.907284768211921, 0.888157894736842, 0.894039735099338, 0.869281045751634, 
0.894039735099338, 0.901315789473684, 0.895424836601307, 0.894039735099338, 
0.88, 0.887417218543046, 0.887417218543046, 0.835526315789474, 
0.867549668874172, 0.823529411764706, 0.874172185430464, 0.868421052631579, 
0.862745098039216, 0.894039735099338, 0.873333333333333, 0.920529801324503, 
0.907284768211921, 0.888157894736842, 0.907284768211921, 0.895424836601307, 
0.907284768211921, 0.907894736842105, 0.901960784313726, 0.927152317880795, 
0.92), .Dim = c(10L, 26L), .Dimnames = list(NULL, c("overlapping.F1", 
"overlapping.F1v", "overlapping.F2", "overlapping.F3", "overlapping.F4", 
"neighborhood.N1", "neighborhood.N2", "neighborhood.N3", "neighborhood.N4", 
"neighborhood.T1", "neighborhood.LSCAvg", "linearity.L1", "linearity.L2", 
"linearity.L3", "dimensionality.T2", "dimensionality.T3", "dimensionality.T4", 
"balance.C1", "balance.C2", "network.Density", "network.ClsCoef", 
"network.Hubs", "ANN", "C4.5", "kNN", "SVM")))
