aux <-
structure(c(11.149554013108, 3.19577199077827, 0.651612268952392, 
0.171399362493035, 0.269581923602022, 0.178288903449114, 0.357169308497285, 
0.135604507972115, 0.109125852657674, 0.201979912592117, 0.0364722216255778, 
0.197009348251585, 0.234976732333406, 0.237350201097262, 454.5, 
681.75, 0.666666666666667, 0.284916010057921, 7.36160950468678, 
0.150386540431451, 0.595683297287719, 0.563603261259199, 0.899713935533549, 
0.893086830828532, 0.867415123804837, 0.908297467633504), .Names = c("overlapping.F1", 
"overlapping.F1v", "overlapping.F2", "overlapping.F3", "overlapping.F4", 
"neighborhood.N1", "neighborhood.N2", "neighborhood.N3", "neighborhood.N4", 
"neighborhood.T1", "neighborhood.LSCAvg", "linearity.L1", "linearity.L2", 
"linearity.L3", "dimensionality.T2", "dimensionality.T3", "dimensionality.T4", 
"balance.C1", "balance.C2", "network.Density", "network.ClsCoef", 
"network.Hubs", "ANN", "C4.5", "kNN", "SVM"))
