aux <-
structure(c(7.48830293194861, 6.78702802919825, 6.46990799539, 
6.60837106073858, 6.569352156586, 6.51719316812374, 6.95425854033358, 
7.34422484249533, 6.53117076382361, 6.83018759361189, 3.99657632676995, 
3.96415479050332, 3.70750427091827, 3.98449422054163, 3.82507125199342, 
3.59285618682283, 3.96124974769897, 4.11032946287521, 3.89210527967254, 
4.09349884708511, 0.662987947608068, 0.663971480265827, 0.651698614303941, 
0.624093201961571, 0.664265885240806, 0.663797090294076, 0.6459008175729, 
0.659351068501368, 0.661991440758091, 0.664064187410891, 0.0717615777228469, 
0.0718284995625081, 0.0712386810003817, 0.105331076309717, 0.0660815281068113, 
0.068179952240189, 0.0696006840013721, 0.0694326274489815, 0.0767225144018742, 
0.0699965581993749, 0.148107169929165, 0.149481925833628, 0.149098785612755, 
0.193730303096057, 0.142669435539858, 0.142794377683017, 0.146408108726854, 
0.151229803745497, 0.154263863719137, 0.143973613379686, 0.0798754032706641, 
0.0814328623873623, 0.0823228390254756, 0.0827586206896552, 0.0814147480814147, 
0.0816281138790036, 0.0808676307007786, 0.0804316386694849, 0.0807384341637011, 
0.0800889877641824, 0.27373061623952, 0.276444044083618, 0.279203263211541, 
0.277708795701182, 0.281243223199627, 0.273506456166497, 0.266516903906119, 
0.269136205142582, 0.276779848142618, 0.273851293723465, 0.0568472577594838, 
0.0567360106797197, 0.0567360106797197, 0.0591768631813126, 0.0583917250583917, 
0.0586076512455516, 0.0588431590656285, 0.0566247635999555, 0.0569395017793594, 
0.0580645161290323, 0.0437201023473134, 0.0509511625319835, 0.0523973745689176, 
0.0520578420467186, 0.0501612723834946, 0.0541592526690391, 0.0538375973303671, 
0.0502836800533986, 0.0559386120996441, 0.0521690767519466, 0.0941150294804761, 
0.0930025586828346, 0.0924463232840138, 0.0956618464961068, 0.0915359804248693, 
0.0944172597864769, 0.0938820912124583, 0.0930025586828346, 0.091414590747331, 
0.0936596218020022, 0.00933698262697832, 0.00906786840409796, 
0.00890628848715493, 0.00912982042833404, 0.00889647541237403, 
0.009548201604273, 0.0103565202220735, 0.00983086817733411, 0.00918152533370905, 
0.00943947112166404, 0.139869367992222, 0.141131760680861, 0.140202321398263, 
0.138234754532015, 0.141485626714644, 0.142909722524397, 0.140597075513411, 
0.138599089315808, 0.140693082871532, 0.140150985132001, 0.162725964275128, 
0.161377228259694, 0.158281519830684, 0.15952484993049, 0.161578424376023, 
0.162747690945824, 0.162630648392506, 0.1598249657192, 0.157023028066977, 
0.15873293630769, 0.148847368826155, 0.160456595606348, 0.159612592019914, 
0.156941334641755, 0.175970153065265, 0.164703176667051, 0.174812685234053, 
0.15612206597523, 0.14820236534435, 0.157461581202314, 2996.33333333333, 
2996.33333333333, 2996.33333333333, 2996.66666666667, 2997, 2997.33333333333, 
2996.66666666667, 2996.33333333333, 2997.33333333333, 2996.66666666667, 
4494.5, 4494.5, 4494.5, 4495, 4495.5, 4496, 4495, 4494.5, 4496, 
4495, 0.666666666666667, 0.666666666666667, 0.666666666666667, 
0.666666666666667, 0.666666666666667, 0.666666666666667, 0.666666666666667, 
0.666666666666667, 0.666666666666667, 0.666666666666667, 0.129894489758034, 
0.129967426522809, 0.129894489758034, 0.13014569570446, 0.130542195804846, 
0.130865702970131, 0.130218624356134, 0.129822051838622, 0.130457525233369, 
0.130218125566261, 19.7779040020611, 19.7779031174207, 19.7779040020611, 
19.7217361322865, 19.6658844159827, 19.6103504913387, 19.7217352478444, 
19.7779065880729, 19.6681544379198, 19.7217335468626, 0.16173562871656, 
0.161707705551011, 0.161774146842086, 0.161520389956282, 0.16186434859034, 
0.161839107791065, 0.16186123417931, 0.161770483164336, 0.16163214915192, 
0.161967679939058, 0.628739652773794, 0.628976318117829, 0.628807050200058, 
0.629152305087674, 0.628063164753616, 0.627509474318541, 0.628330384293983, 
0.628701866831582, 0.628218809087144, 0.627895901257227, 0.68986510010517, 
0.685445617664784, 0.693860649117216, 0.687189777217607, 0.683266079367114, 
0.693601306568431, 0.679836982074252, 0.696716576133466, 0.687946768325578, 
0.679307560456815, 0.962, 0.962, 0.962, 0.968968968968969, 0.964929859719439, 
0.965897693079238, 0.963963963963964, 0.962, 0.968906720160481, 
0.956956956956957, 0.96, 0.96, 0.958, 0.971971971971972, 0.958917835671343, 
0.965897693079238, 0.961961961961962, 0.962, 0.961885656970913, 
0.957957957957958, 0.943, 0.944, 0.938, 0.947947947947948, 0.937875751503006, 
0.9518555667001, 0.93993993993994, 0.943, 0.94383149448345, 0.92992992992993, 
0.962, 0.963, 0.967, 0.968968968968969, 0.964929859719439, 0.962888665997994, 
0.963963963963964, 0.963, 0.970912738214644, 0.960960960960961
), .Dim = c(10L, 26L), .Dimnames = list(NULL, c("overlapping.F1", 
"overlapping.F1v", "overlapping.F2", "overlapping.F3", "overlapping.F4", 
"neighborhood.N1", "neighborhood.N2", "neighborhood.N3", "neighborhood.N4", 
"neighborhood.T1", "neighborhood.LSCAvg", "linearity.L1", "linearity.L2", 
"linearity.L3", "dimensionality.T2", "dimensionality.T3", "dimensionality.T4", 
"balance.C1", "balance.C2", "network.Density", "network.ClsCoef", 
"network.Hubs", "ANN", "C4.5", "kNN", "SVM")))
