aux <-
structure(c(6.80999970822496, 3.91278403848812, 0.656212173391754, 
0.0740173698994057, 0.152175738726565, 0.0811559278631722, 0.274812064951677, 
0.0576967459178155, 0.0515675972782823, 0.0933137860599404, 0.0093694021817993, 
0.140387378667515, 0.160444725610422, 0.160312991858243, 2996.7, 
4495.05, 0.666666666666667, 0.13020263275127, 19.7221211981851, 
0.161767287388197, 0.628439492672145, 0.687703641703043, 0.963762416284905, 
0.961859307761339, 0.941938063050437, 0.964762515782597), .Names = c("overlapping.F1", 
"overlapping.F1v", "overlapping.F2", "overlapping.F3", "overlapping.F4", 
"neighborhood.N1", "neighborhood.N2", "neighborhood.N3", "neighborhood.N4", 
"neighborhood.T1", "neighborhood.LSCAvg", "linearity.L1", "linearity.L2", 
"linearity.L3", "dimensionality.T2", "dimensionality.T3", "dimensionality.T4", 
"balance.C1", "balance.C2", "network.Density", "network.ClsCoef", 
"network.Hubs", "ANN", "C4.5", "kNN", "SVM"))
