aux <-
structure(c(5.5044197347999, 5.02161683389269, 5.62088151176745, 
5.1748408942524, 5.22048022390736, 5.28860315497026, 5.50851242099771, 
5.34942261633784, 4.95854572088562, 5.53330344965297, 1.4199862636297, 
1.36046983231465, 1.48010999616593, 1.34475106788481, 1.33989212780321, 
1.37067592659048, 1.42065945480083, 1.41320333151739, 1.33488604445996, 
1.46531414623655, 0.669650823277843, 0.665040515475506, 0.671092394056418, 
0.64143050141959, 0.670154765083972, 0.673324532217998, 0.662324066086505, 
0.662943933500356, 0.670467308074787, 0.669011335404677, 0.0774635903158412, 
0.071073446748966, 0.0716631145514403, 0.100825170499767, 0.0680897292602664, 
0.066722684959803, 0.0719979271852781, 0.0703154045732594, 0.0692153166772956, 
0.0713429428386037, 0.114970451192536, 0.105766093703513, 0.108002143624404, 
0.157438825360905, 0.103584916335797, 0.103377468604288, 0.114064878479568, 
0.115223040077358, 0.105999654207542, 0.111688609562402, 0.126808834729627, 
0.13036303630363, 0.12796750031738, 0.129568527918782, 0.12925342813611, 
0.128856163514028, 0.127570449352628, 0.127840548432144, 0.129998730481148, 
0.126919659855312, 0.360985244366449, 0.37513074066909, 0.365730469528986, 
0.365348023289348, 0.367430501512081, 0.371241707174349, 0.369754881243059, 
0.36597386066549, 0.372321525553608, 0.358594179167975, 0.0896166539730896, 
0.0938055343995938, 0.0900088866319665, 0.090989847715736, 0.0893854748603352, 
0.089881934746731, 0.0894897182025895, 0.0905166941729085, 0.0919131649104989, 
0.0871938063205991, 0.0853008377760853, 0.0855547093170856, 0.0943252507299733, 
0.0930203045685279, 0.090274250888776, 0.0854386187634886, 0.0870779385630871, 
0.0926748762219119, 0.090135838517202, 0.0846554131234928, 0.161462300076161, 
0.159177456207159, 0.159070712200076, 0.162055837563452, 0.157313357034027, 
0.160213279167196, 0.156638740797157, 0.158182049003428, 0.158182049003428, 
0.15699961924102, 0.00609046785515156, 0.00530107495487963, 0.00572771062461246, 
0.00574617034708444, 0.00554390410427136, 0.00541449709945484, 
0.00541763415312766, 0.00569808798083147, 0.00546503932518779, 
0.00594023957451002, 0.154531434020834, 0.153646777477041, 0.15486176910162, 
0.156126969773706, 0.156697240035448, 0.154837237455637, 0.155831231276457, 
0.154967419771543, 0.157531496506699, 0.156779130923548, 0.184483215059955, 
0.17769595246642, 0.185617579217177, 0.183814269185175, 0.186774008407542, 
0.18271256279552, 0.183768408051424, 0.182464526416851, 0.185910023421681, 
0.185931215077129, 0.179369995106041, 0.153163992605027, 0.175858496946734, 
0.189413083946197, 0.174931101102103, 0.169549032464667, 0.169849718674686, 
0.173528830177608, 0.173091555662526, 0.170524600556073, 2626, 
2626, 2625.66666666667, 2626.66666666667, 2625.33333333333, 2625.66666666667, 
2626, 2625.66666666667, 2625.66666666667, 2626.33333333333, 3939, 
3939, 3938.5, 3940, 3938, 3938.5, 3939, 3938.5, 3938.5, 3939.5, 
0.666666666666667, 0.666666666666667, 0.666666666666667, 0.666666666666667, 
0.666666666666667, 0.666666666666667, 0.666666666666667, 0.666666666666667, 
0.666666666666667, 0.666666666666667, 0.176433782942804, 0.1764905196512, 
0.176565007264605, 0.177128800424291, 0.176189057698804, 0.176508402387979, 
0.176770939308878, 0.176508402387979, 0.176199727804295, 0.176809626038862, 
13.6016854725283, 13.6016824860879, 13.5998646298361, 13.5404011494083, 
13.6307138306242, 13.599866037448, 13.5691618696601, 13.599866037448, 
13.632533871082, 13.5709727569209, 0.158005914945847, 0.157847539326642, 
0.158067411902387, 0.158091708151786, 0.157918563125267, 0.158074181809929, 
0.157984063364686, 0.157992846206463, 0.157926339924279, 0.158043717910214, 
0.609675609854093, 0.609065667820576, 0.60919559362258, 0.60965861567775, 
0.61014754007873, 0.609294473870936, 0.608882935663152, 0.610353859196103, 
0.609595294845894, 0.609199542050656, 0.663009593450877, 0.68988707151814, 
0.652643958682548, 0.663654157633157, 0.679212461934764, 0.661846884308609, 
0.666937020408339, 0.660950478185153, 0.654218825485585, 0.648251182811079, 
0.944, 0.944, 0.944063926940639, 0.946162657502864, 0.942987457240593, 
0.944063926940639, 0.945142857142857, 0.944063926940639, 0.942922374429224, 
0.945080091533181, 0.937142857142857, 0.944, 0.944063926940639, 
0.946162657502864, 0.942987457240593, 0.944063926940639, 0.945142857142857, 
0.944063926940639, 0.942922374429224, 0.943935926773455, 0.902857142857143, 
0.900571428571429, 0.904109589041096, 0.906071019473081, 0.905359179019384, 
0.918949771689498, 0.908571428571429, 0.912100456621005, 0.920091324200913, 
0.898169336384439, 0.944, 0.944, 0.944063926940639, 0.946162657502864, 
0.942987457240593, 0.944063926940639, 0.945142857142857, 0.944063926940639, 
0.942922374429224, 0.945080091533181), .Dim = c(10L, 26L), .Dimnames = list(
    NULL, c("overlapping.F1", "overlapping.F1v", "overlapping.F2", 
    "overlapping.F3", "overlapping.F4", "neighborhood.N1", "neighborhood.N2", 
    "neighborhood.N3", "neighborhood.N4", "neighborhood.T1", 
    "neighborhood.LSCAvg", "linearity.L1", "linearity.L2", "linearity.L3", 
    "dimensionality.T2", "dimensionality.T3", "dimensionality.T4", 
    "balance.C1", "balance.C2", "network.Density", "network.ClsCoef", 
    "network.Hubs", "ANN", "C4.5", "kNN", "SVM")))
