aux <-
structure(c(5.31806265614642, 1.39499481914035, 0.665544017459765, 
0.0738709327610521, 0.114011608114831, 0.128514687904079, 0.367251113317044, 
0.0902801715934048, 0.0888458038469631, 0.15892954002931, 0.00563448260191112, 
0.155581070634253, 0.183917176009887, 0.172928040724166, 2625.9, 
3938.85, 0.666666666666667, 0.17656042659097, 13.5946748141044, 
0.15799522866675, 0.609506913268047, 0.664061163441825, 0.944248721867064, 
0.943448591105377, 0.907685067642942, 0.944248721867064), .Names = c("overlapping.F1", 
"overlapping.F1v", "overlapping.F2", "overlapping.F3", "overlapping.F4", 
"neighborhood.N1", "neighborhood.N2", "neighborhood.N3", "neighborhood.N4", 
"neighborhood.T1", "neighborhood.LSCAvg", "linearity.L1", "linearity.L2", 
"linearity.L3", "dimensionality.T2", "dimensionality.T3", "dimensionality.T4", 
"balance.C1", "balance.C2", "network.Density", "network.ClsCoef", 
"network.Hubs", "ANN", "C4.5", "kNN", "SVM"))
