aux <-
structure(c(5.64530903428994, 5.7003341384213, 5.59703563294629, 
5.62011476561995, 5.8134845728866, 5.74783896277086, 5.75762205809418, 
5.90514192311689, 5.56101674402424, 5.93410593738038, 1.46482620087545, 
1.4861694985872, 1.38247504878424, 1.41748647048946, 1.44574214207991, 
1.50333035981465, 1.42613407218203, 1.50476194102366, 1.43705397545724, 
1.47765375181184, 0.705625705362317, 0.701749244711083, 0.700456495545395, 
0.708354011699022, 0.718060833146881, 0.7038564628374, 0.701290917077245, 
0.70206241920329, 0.684645703382453, 0.654867384812093, 0.0373910152715083, 
0.037918641099557, 0.0472355866471513, 0.0353369525363379, 0.0348909421104761, 
0.0380261629450112, 0.0419037808381437, 0.0381095012407692, 0.0504473738710485, 
0.0816626070241165, 0.072857871248603, 0.0754294783808625, 0.0818162919715247, 
0.0702218996279288, 0.0696559794294302, 0.0750537429772039, 0.0793985243133947, 
0.0754032471791706, 0.0879028947502435, 0.132422395634279, 0.126832222895215, 
0.124651726226529, 0.126711084191399, 0.122728374121638, 0.123682616596002, 
0.124894003634161, 0.124772864930345, 0.124167171411266, 0.125741974560872, 
0.126484128907197, 0.359866017263171, 0.354334322354037, 0.362367256501928, 
0.357782827800496, 0.357457947088376, 0.355454437154208, 0.35119323202103, 
0.351832040682911, 0.36115256723226, 0.355157187360043, 0.0875832828588734, 
0.0864930345245306, 0.0891580860084797, 0.0873515871092803, 0.0866141732283465, 
0.0875832828588734, 0.0869775893397941, 0.0847970926711084, 0.0866141732283465, 
0.0878362006299976, 0.0858873410054512, 0.0834645669291339, 0.091701998788613, 
0.0856554397867701, 0.0887946698970321, 0.0806783767413689, 0.0895215021199273, 
0.0884312537855845, 0.0948516050878256, 0.0838381390840804, 0.154451847365233, 
0.151302241066021, 0.155542095699576, 0.151562878604313, 0.155178679588128, 
0.152150211992732, 0.151786795881284, 0.150211992731678, 0.156995760145366, 
0.155803246910589, 0.00554270836352324, 0.0056654025734087, 0.0053452177910273, 
0.00548475178881043, 0.0055398908430953, 0.00580613184895009, 
0.00589833227003732, 0.00582413756543489, 0.00543499690549677, 
0.00570843198756891, 0.159564821498071, 0.158155325560993, 0.157222890579316, 
0.157967854566636, 0.158449929716437, 0.15854126700735, 0.156820325514344, 
0.158553252087228, 0.15874048983808, 0.157879607623846, 0.187009998041788, 
0.182146966166649, 0.186787988486922, 0.185424523717685, 0.18666798278444, 
0.182742595173456, 0.18701658790726, 0.185152831269288, 0.187743251601644, 
0.180081012267303, 0.159704616775243, 0.185211911024337, 0.177516092978119, 
0.180369487123987, 0.170246758945155, 0.180784937709023, 0.16263005294571, 
0.187952263465157, 0.173979847481542, 0.176597318251414, 2751.66666666667, 
2751.66666666667, 2751.66666666667, 2751.33333333333, 2751.66666666667, 
2751.66666666667, 2751.66666666667, 2751.66666666667, 2751.66666666667, 
2751.33333333333, 4127.5, 4127.5, 4127.5, 4127, 4127.5, 4127.5, 
4127.5, 4127.5, 4127.5, 4127, 0.666666666666667, 0.666666666666667, 
0.666666666666667, 0.666666666666667, 0.666666666666667, 0.666666666666667, 
0.666666666666667, 0.666666666666667, 0.666666666666667, 0.666666666666667, 
0.174207961669824, 0.174317175341932, 0.174261721841673, 0.173954641830616, 
0.174317175341932, 0.174261721841673, 0.174261721841673, 0.174317175341932, 
0.174317175341932, 0.173954641830616, 13.8552240797516, 13.85522001137, 
13.855221340072, 13.8857496099939, 13.85522001137, 13.855221340072, 
13.855221340072, 13.85522001137, 13.85522001137, 13.8857496099939, 
0.158412322744386, 0.158326348607367, 0.158338060345391, 0.158241082513746, 
0.158169076696767, 0.158316104505688, 0.158369086177698, 0.158218125103377, 
0.158338764810836, 0.158383125420158, 0.609927495770349, 0.610229521423752, 
0.609429347626657, 0.609902042780491, 0.610264115719647, 0.60928164158406, 
0.610270839272508, 0.61008359862573, 0.610365352325207, 0.610125853879186, 
0.672191073352294, 0.678328316599391, 0.674477920820215, 0.684708575972962, 
0.689549628949133, 0.67180235468008, 0.673072388949966, 0.678478719642508, 
0.689512193761565, 0.693697319613831, 0.945474372955289, 0.945474372955289, 
0.945474372955289, 0.944444444444444, 0.945474372955289, 0.945474372955289, 
0.945474372955289, 0.945474372955289, 0.945474372955289, 0.944444444444444, 
0.945474372955289, 0.9432933478735, 0.945474372955289, 0.938997821350762, 
0.944383860414395, 0.938931297709924, 0.944383860414395, 0.940021810250818, 
0.945474372955289, 0.944444444444444, 0.920392584514722, 0.904034896401309, 
0.906215921483097, 0.908496732026144, 0.918211559432934, 0.910577971646674, 
0.908396946564885, 0.907306434023991, 0.913849509269357, 0.908496732026144, 
0.945474372955289, 0.945474372955289, 0.945474372955289, 0.944444444444444, 
0.945474372955289, 0.945474372955289, 0.945474372955289, 0.945474372955289, 
0.945474372955289, 0.944444444444444), .Dim = c(10L, 26L), .Dimnames = list(
    NULL, c("overlapping.F1", "overlapping.F1v", "overlapping.F2", 
    "overlapping.F3", "overlapping.F4", "neighborhood.N1", "neighborhood.N2", 
    "neighborhood.N3", "neighborhood.N4", "neighborhood.T1", 
    "neighborhood.LSCAvg", "linearity.L1", "linearity.L2", "linearity.L3", 
    "dimensionality.T2", "dimensionality.T3", "dimensionality.T4", 
    "balance.C1", "balance.C2", "network.Density", "network.ClsCoef", 
    "network.Hubs", "ANN", "C4.5", "kNN", "SVM")))
