aux <-
structure(c(5.72820037695506, 1.45456334611057, 0.698096917777718, 
0.044292256358412, 0.0820162325512641, 0.125066616747462, 0.356659783545846, 
0.0871008502457631, 0.0872824893225787, 0.153498574998492, 0.00562500019373529, 
0.15818957639923, 0.185077373741644, 0.175499328669969, 2751.6, 
4127.4, 0.666666666666667, 0.17421711122238, 13.8613267365435, 
0.158311209692541, 0.609987980900759, 0.680581849234195, 0.94526838725312, 
0.94308795613241, 0.910597928738926, 0.94526838725312), .Names = c("overlapping.F1", 
"overlapping.F1v", "overlapping.F2", "overlapping.F3", "overlapping.F4", 
"neighborhood.N1", "neighborhood.N2", "neighborhood.N3", "neighborhood.N4", 
"neighborhood.T1", "neighborhood.LSCAvg", "linearity.L1", "linearity.L2", 
"linearity.L3", "dimensionality.T2", "dimensionality.T3", "dimensionality.T4", 
"balance.C1", "balance.C2", "network.Density", "network.ClsCoef", 
"network.Hubs", "ANN", "C4.5", "kNN", "SVM"))
