aux <-
structure(c(5.99510349251108, 5.83354169747355, 6.43410582554355, 
5.8618183483669, 5.68341421708655, 6.07158827712572, 6.2188665251484, 
5.82853753011807, 5.72841041891465, 5.6270209102858, 1.51669785768887, 
1.49190894352868, 1.58286878544474, 1.50943344737605, 1.47148734125129, 
1.54360210784383, 1.52276530825442, 1.54118053654277, 1.45368404163507, 
1.42131991381805, 0.700348789675508, 0.696452474684843, 0.695021606862455, 
0.656576256300681, 0.676053732081163, 0.69677446842492, 0.719860662154916, 
0.700120888211962, 0.696819303932274, 0.696644683636262, 0.0359756204626896, 
0.0375741115143688, 0.0367997541075378, 0.0885142786330593, 0.0504395194729118, 
0.0456533231688804, 0.0408954318269215, 0.0389799855824588, 0.0417340043012304, 
0.0381873508287582, 0.0654536659048814, 0.0728833901462929, 0.0673165556665709, 
0.132889660050326, 0.0886800229100709, 0.0809836257001809, 0.0754129950473956, 
0.0723870601343713, 0.0736701862873788, 0.0721751869225556, 0.129472298671772, 
0.126495931067496, 0.127422828427854, 0.126854954523696, 0.124117295032914, 
0.126241474213234, 0.1250598372427, 0.126002153882972, 0.127557736029676, 
0.127094303494495, 0.361408857603421, 0.35720738545479, 0.36194210799496, 
0.362764714351099, 0.36326575934677, 0.356452134114257, 0.353011947215659, 
0.362864517875946, 0.358223125405396, 0.358229053938754, 0.0907024051693191, 
0.0907132599329823, 0.0933237616654702, 0.0917903303015797, 0.0891681627767804, 
0.0897451238482709, 0.08748204882719, 0.0917793466554984, 0.0892664831877468, 
0.0929870751555768, 0.0877109010410434, 0.0867640019147918, 0.0853074898301029, 
0.0848492101483964, 0.0889287851585877, 0.0807706114634438, 0.0878410722833892, 
0.0893861433528778, 0.0878305612061745, 0.0871230253709909, 0.15711379681704, 
0.152465294399234, 0.153984206748026, 0.15426041168023, 0.152004787552364, 
0.150532487734833, 0.151986596457635, 0.150891468230226, 0.155438554505205, 
0.156055528961225, 0.00534470138789325, 0.0055239599891932, 0.00539969529388989, 
0.00532121800555051, 0.0052282879593846, 0.00552338263722556, 
0.00564314752718942, 0.00534813784112186, 0.00569875630032534, 
0.00571661929718709, 0.159522263399186, 0.162156703042352, 0.159347767799316, 
0.161812147516603, 0.161705315273602, 0.161041196169599, 0.16228929732762, 
0.162211157524595, 0.161963214710093, 0.16204513602821, 0.184487876237771, 
0.189409882960367, 0.187641688087833, 0.1839206586606, 0.185006781145502, 
0.186861857828726, 0.183402523945574, 0.185722764615729, 0.186345771364968, 
0.19247769788294, 0.172772760382651, 0.182371734100776, 0.1765201705992, 
0.185661774862925, 0.178117454586245, 0.171905372591827, 0.168590480520275, 
0.189637974302596, 0.195419769464814, 0.18184227272099, 2785.66666666667, 
2785.33333333333, 2786, 2785.33333333333, 2785, 2785.66666666667, 
2785.33333333333, 2785.66666666667, 2785.66666666667, 2785.33333333333, 
4178.5, 4178, 4179, 4178, 4177.5, 4178.5, 4178, 4178.5, 4178.5, 
4178, 0.666666666666667, 0.666666666666667, 0.666666666666667, 
0.666666666666667, 0.666666666666667, 0.666666666666667, 0.666666666666667, 
0.666666666666667, 0.666666666666667, 0.666666666666667, 0.17619141391821, 
0.175872634968645, 0.176547246549296, 0.175872634968645, 0.175622016526694, 
0.176175254273369, 0.175872634968645, 0.17619141391821, 0.17619141391821, 
0.176245391081303, 13.6848683516472, 13.7142993463361, 13.6555637912951, 
13.7142993463361, 13.7438552537514, 13.6848688499014, 13.7142993463361, 
13.6848683516472, 13.6848683516472, 13.6831451901042, 0.157581468151751, 
0.157768614431583, 0.157808507256477, 0.157960838440447, 0.157901918502437, 
0.157712813656129, 0.157786662289345, 0.157833619442755, 0.157697949217234, 
0.157638497971335, 0.612858669642675, 0.613495659331023, 0.612209461631579, 
0.612395307450064, 0.611841853036403, 0.612484838029804, 0.611656656836182, 
0.612203890787545, 0.612874659742992, 0.613095687055168, 0.675992460196811, 
0.667539719460189, 0.664883116756219, 0.675921488713571, 0.701828620678781, 
0.673330789988928, 0.683979869921424, 0.665016748920908, 0.689754471789268, 
0.680635732617984, 0.945043103448276, 0.944025834230355, 0.946062567421791, 
0.944025834230355, 0.943010752688172, 0.945043103448276, 0.944025834230355, 
0.945043103448276, 0.945043103448276, 0.945102260495156, 0.945043103448276, 
0.944025834230355, 0.946062567421791, 0.944025834230355, 0.943010752688172, 
0.945043103448276, 0.940796555435953, 0.945043103448276, 0.945043103448276, 
0.939720129171152, 0.901939655172414, 0.903121636167923, 0.915857605177994, 
0.914962325080732, 0.90752688172043, 0.914870689655172, 0.902045209903122, 
0.90948275862069, 0.900862068965517, 0.918191603875135, 0.945043103448276, 
0.944025834230355, 0.946062567421791, 0.944025834230355, 0.943010752688172, 
0.945043103448276, 0.944025834230355, 0.945043103448276, 0.945043103448276, 
0.945102260495156), .Dim = c(10L, 26L), .Dimnames = list(NULL, 
    c("overlapping.F1", "overlapping.F1v", "overlapping.F2", 
    "overlapping.F3", "overlapping.F4", "neighborhood.N1", "neighborhood.N2", 
    "neighborhood.N3", "neighborhood.N4", "neighborhood.T1", 
    "neighborhood.LSCAvg", "linearity.L1", "linearity.L2", "linearity.L3", 
    "dimensionality.T2", "dimensionality.T3", "dimensionality.T4", 
    "balance.C1", "balance.C2", "network.Density", "network.ClsCoef", 
    "network.Hubs", "ANN", "C4.5", "kNN", "SVM")))
