aux <-
structure(c(5.92824072425743, 1.50549482833838, 0.693467286596498, 
0.0454753379898817, 0.0801852348770024, 0.126631881258681, 0.359536960330105, 
0.0906957997520415, 0.0866511801769798, 0.153473313308602, 0.00547479062389607, 
0.161409419879118, 0.186527750273001, 0.18028397641323, 2785.5, 
4178.25, 0.666666666666667, 0.176078205509123, 13.6964936179002, 
0.157769088935949, 0.612511668354343, 0.677888301904408, 0.944642549708929, 
0.943781408697088, 0.908886043433913, 0.944642549708929), .Names = c("overlapping.F1", 
"overlapping.F1v", "overlapping.F2", "overlapping.F3", "overlapping.F4", 
"neighborhood.N1", "neighborhood.N2", "neighborhood.N3", "neighborhood.N4", 
"neighborhood.T1", "neighborhood.LSCAvg", "linearity.L1", "linearity.L2", 
"linearity.L3", "dimensionality.T2", "dimensionality.T3", "dimensionality.T4", 
"balance.C1", "balance.C2", "network.Density", "network.ClsCoef", 
"network.Hubs", "ANN", "C4.5", "kNN", "SVM"))
