aux <-
structure(c(5.65324709380031, 1.42883080486214, 0.675991829052716, 
0.0751485032258841, 0.114053549965012, 0.131705274486603, 0.367932706165217, 
0.0934699817809937, 0.090054790384785, 0.159271056806278, 0.00567135677092624, 
0.155875657833941, 0.186385311439111, 0.180664423786895, 2596.2, 
3894.3, 0.666666666666667, 0.179159685252928, 13.3465316284387, 
0.15761327051756, 0.610371219658467, 0.664861689137456, 0.943149063623643, 
0.942572227630995, 0.9062853523909, 0.943264670560059), .Names = c("overlapping.F1", 
"overlapping.F1v", "overlapping.F2", "overlapping.F3", "overlapping.F4", 
"neighborhood.N1", "neighborhood.N2", "neighborhood.N3", "neighborhood.N4", 
"neighborhood.T1", "neighborhood.LSCAvg", "linearity.L1", "linearity.L2", 
"linearity.L3", "dimensionality.T2", "dimensionality.T3", "dimensionality.T4", 
"balance.C1", "balance.C2", "network.Density", "network.ClsCoef", 
"network.Hubs", "ANN", "C4.5", "kNN", "SVM"))
