aux <-
structure(c(5.63357263735056, 6.07562258790185, 5.39039971420534, 
5.72860882124275, 5.88178136004262, 5.26781891761374, 5.4809096881433, 
5.65040632375329, 5.65636465495852, 5.7669862327911, 1.36893509545831, 
1.56585659457855, 1.44757224421047, 1.51189798109476, 1.42939362302246, 
1.37535693606505, 1.43459090045123, 1.36349661599293, 1.37230640610957, 
1.41890165163812, 0.653961196344984, 0.683575370496128, 0.68062986481015, 
0.686465053541754, 0.68128433523288, 0.682184865495041, 0.67946225955933, 
0.676621579204999, 0.652709256991396, 0.683024508850501, 0.0818721493095613, 
0.0680972127703085, 0.0697416793876769, 0.0715155339235561, 0.068810036530878, 
0.0774854853191987, 0.0708216371610164, 0.0810440300752966, 0.093118722525542, 
0.0689785452558063, 0.120685335139113, 0.103300116372928, 0.107316522224393, 
0.103976830563627, 0.10379234198609, 0.114534499229478, 0.110701667983863, 
0.115402610240243, 0.1563365069277, 0.104489068982681, 0.131980998844524, 
0.12889973038901, 0.132879702144049, 0.134035177814867, 0.131612737544941, 
0.132717237838532, 0.131997945557268, 0.130713918849512, 0.131646545080914, 
0.130568750802414, 0.372098569714862, 0.365381810824744, 0.373205211681178, 
0.366993964899175, 0.364631627745352, 0.371711822983718, 0.364701484940622, 
0.371311594060596, 0.368017498553755, 0.361273476248172, 0.0935935293362434, 
0.0919245089228399, 0.0938503017075363, 0.0941070740788291, 0.0928351309707242, 
0.0954948016942626, 0.0950179763739086, 0.0921931176168464, 0.0959414333418957, 
0.0897419437668507, 0.0957760944922326, 0.0843497239697009, 0.0960328668635255, 
0.0878161509821543, 0.0921931176168464, 0.0854832499037351, 0.0891114535182332, 
0.0894966615305598, 0.0892627793475469, 0.0910258056233149, 0.157786622159456, 
0.157786622159456, 0.161509821543202, 0.160482732058031, 0.157164869029276, 
0.163136952894365, 0.162172573189522, 0.157550077041602, 0.15733367582841, 
0.157786622159456, 0.0054345646566858, 0.00588830902932346, 0.00544934991904616, 
0.00564027265474298, 0.00584322831881005, 0.00561594384655827, 
0.00588744711221272, 0.00541854983988906, 0.0056315223653222, 
0.00590437996667168, 0.157435226064582, 0.156894467674218, 0.154376208010126, 
0.156058695634623, 0.156718327738949, 0.156423716011657, 0.156068069575644, 
0.154271904336792, 0.155405113036393, 0.155104850256427, 0.186561446614641, 
0.179132919708242, 0.184130002338394, 0.183070469400517, 0.187436337053723, 
0.188705341349015, 0.186322038027327, 0.188083881362132, 0.189785776207576, 
0.190624902329548, 0.172124120623606, 0.169861402355329, 0.175787138573396, 
0.167911894797545, 0.184536132955808, 0.191089142812797, 0.185357369704468, 
0.186999346174763, 0.192127987743292, 0.180849702127948, 2596.33333333333, 
2596.33333333333, 2596.33333333333, 2596.33333333333, 2596, 2597, 
2596, 2596, 2595.33333333333, 2596.33333333333, 3894.5, 3894.5, 
3894.5, 3894.5, 3894, 3895.5, 3894, 3894, 3893, 3894.5, 0.666666666666667, 
0.666666666666667, 0.666666666666667, 0.666666666666667, 0.666666666666667, 
0.666666666666667, 0.666666666666667, 0.666666666666667, 0.666666666666667, 
0.666666666666667, 0.179228595409726, 0.17919651410984, 0.179139129106792, 
0.179253758507475, 0.178849636206732, 0.179839579648121, 0.179272114017728, 
0.178792243835296, 0.178546136505479, 0.179479145182089, 13.3439981167665, 
13.3439987923513, 13.3440018495814, 13.3439973522708, 13.374053702686, 
13.2842995197439, 13.3421934507148, 13.3740567607258, 13.4024327313853, 
13.3122840081613, 0.157514749409882, 0.157767499409668, 0.157547225114263, 
0.157399155684438, 0.157751527591091, 0.157365176797098, 0.157745162696918, 
0.157768709507483, 0.157682192615206, 0.157591306349551, 0.610279529475763, 
0.610222002964049, 0.610387593376986, 0.610277295633283, 0.610119490933775, 
0.610668643336346, 0.610945252795272, 0.610385896886529, 0.610446580157813, 
0.609979911024854, 0.680884435880349, 0.668752067088575, 0.651654519266535, 
0.665171076141939, 0.672227267704755, 0.646935585447277, 0.671694598079343, 
0.655850684581916, 0.660776632849381, 0.674670024334494, 0.943352601156069, 
0.943352601156069, 0.943352601156069, 0.942196531791908, 0.942263279445728, 
0.945538818076477, 0.943418013856813, 0.942263279445728, 0.941244239631336, 
0.944508670520231, 0.943352601156069, 0.943352601156069, 0.943352601156069, 
0.939884393063584, 0.941108545034642, 0.945538818076477, 0.943418013856813, 
0.943418013856813, 0.93778801843318, 0.944508670520231, 0.907514450867052, 
0.901734104046243, 0.921387283236994, 0.902890173410405, 0.909930715935335, 
0.910776361529548, 0.904157043879908, 0.89838337182448, 0.913594470046083, 
0.892485549132948, 0.943352601156069, 0.943352601156069, 0.943352601156069, 
0.943352601156069, 0.942263279445728, 0.945538818076477, 0.943418013856813, 
0.942263279445728, 0.941244239631336, 0.944508670520231), .Dim = c(10L, 
26L), .Dimnames = list(NULL, c("overlapping.F1", "overlapping.F1v", 
"overlapping.F2", "overlapping.F3", "overlapping.F4", "neighborhood.N1", 
"neighborhood.N2", "neighborhood.N3", "neighborhood.N4", "neighborhood.T1", 
"neighborhood.LSCAvg", "linearity.L1", "linearity.L2", "linearity.L3", 
"dimensionality.T2", "dimensionality.T3", "dimensionality.T4", 
"balance.C1", "balance.C2", "network.Density", "network.ClsCoef", 
"network.Hubs", "ANN", "C4.5", "kNN", "SVM")))
