aux <-
structure(c(0.0846529157749009, 0.0964172773555155, 0.0984477111533731, 
0.105596529907141, 0.0655537797888411, 0.0905757911517693, 0.0842053226179655, 
0.10840191169804, 0.0896120100994433, 0.0787941124136003, 0.540697711574438, 
0.560250786335718, 0.585634433217759, 0.544563264179916, 0.525317834320703, 
0.587816752620428, 0.634950462451223, 0.572422963114579, 0.527996399740994, 
0.567613485320892, 1, 1, 1, 1, 1, 1, 1, 1, 1, 1, 0, 0, 0, 0, 
0, 0, 0, 0, 0, 0, 0, 0, 0, 0, 0, 0, 0, 0, 0, 0, 0.486666666666667, 
0.5, 0.485016648168701, 0.485555555555556, 0.503333333333333, 
0.493333333333333, 0.475555555555556, 0.481646273637375, 0.471111111111111, 
0.492222222222222, 0.842558833278091, 0.84136546184739, 0.847328244274809, 
0.839575737487571, 0.840893929286191, 0.840666666666667, 0.842349817457683, 
0.835761589403973, 0.832669322709163, 0.842509175842509, 0.32, 
0.322222222222222, 0.317425083240844, 0.318888888888889, 0.333333333333333, 
0.321111111111111, 0.312222222222222, 0.308120133481646, 0.308888888888889, 
0.317777777777778, 0.175555555555556, 0.155555555555556, 0.165371809100999, 
0.194444444444444, 0.175555555555556, 0.165555555555556, 0.165555555555556, 
0.182424916573971, 0.183333333333333, 0.174444444444444, 0.706666666666667, 
0.714444444444444, 0.716981132075472, 0.705555555555556, 0.68, 
0.706666666666667, 0.705555555555556, 0.705228031145717, 0.701111111111111, 
0.698888888888889, 0.0029358024691358, 0.00284074074074074, 0.00277284704009973, 
0.00284320987654321, 0.00286666666666667, 0.00282469135802469, 
0.00278641975308642, 0.00292377762462556, 0.00283827160493827, 
0.00281728395061728, 0.25887845636112, 0.258869207761656, 0.259686935469619, 
0.258853926419189, 0.258860617891979, 0.258864974064094, 0.25884915780207, 
0.259156070464437, 0.258868559392362, 0.258862441646359, 0.258888888888889, 
0.258888888888889, 0.259711431742508, 0.258888888888889, 0.258888888888889, 
0.258888888888889, 0.258888888888889, 0.259176863181313, 0.258888888888889, 
0.258888888888889, 0.253333333333333, 0.251111111111111, 0.27968923418424, 
0.255555555555556, 0.273333333333333, 0.285555555555556, 0.254444444444444, 
0.276974416017798, 0.221111111111111, 0.265555555555556, 45, 
45, 45.05, 45, 45, 45, 45, 44.95, 45, 45, 50, 50, 50.0555555555556, 
50, 50, 50, 50, 49.9444444444444, 50, 50, 0.9, 0.9, 0.9, 0.9, 
0.9, 0.9, 0.9, 0.9, 0.9, 0.9, 0.825065057723075, 0.825065057723075, 
0.826310606776208, 0.825065057723075, 0.825065057723075, 0.825065057723075, 
0.825065057723075, 0.82550170576594, 0.825065057723075, 0.825065057723075, 
1.60599314076867, 1.60599314076867, 1.60062596906675, 1.60599314076867, 
1.60599314076867, 1.60599314076867, 1.60599314076867, 1.60410947428115, 
1.60599314076867, 1.60599314076867, 0.112413793103448, 0.112591768631813, 
0.112105068442471, 0.112356939809665, 0.112408849338771, 0.112537387220368, 
0.112885922630083, 0.111844142588523, 0.112233345692745, 0.11267334074898, 
0.337872893471386, 0.338076117217889, 0.337681983149521, 0.336459254527002, 
0.337764978755484, 0.338160955823227, 0.338532001443997, 0.337299845987411, 
0.337441601418556, 0.33752831021241, 0.443884590810664, 0.431623445847387, 
0.421752882138672, 0.427433278116031, 0.430797014970947, 0.422679233082403, 
0.431491294741694, 0.4508179901259, 0.467430983185367, 0.441322727243653, 
0.72, 0.75, 0.737373737373737, 0.72, 0.69, 0.74, 0.67, 0.663366336633663, 
0.75, 0.63, 0.75, 0.8, 0.747474747474748, 0.81, 0.78, 0.75, 0.79, 
0.742574257425743, 0.81, 0.79, 0.7, 0.65, 0.737373737373737, 
0.71, 0.72, 0.74, 0.72, 0.613861386138614, 0.69, 0.69, 0.76, 
0.77, 0.787878787878788, 0.8, 0.79, 0.79, 0.77, 0.732673267326733, 
0.79, 0.8), .Dim = c(10L, 26L), .Dimnames = list(NULL, c("overlapping.F1", 
"overlapping.F1v", "overlapping.F2", "overlapping.F3", "overlapping.F4", 
"neighborhood.N1", "neighborhood.N2", "neighborhood.N3", "neighborhood.N4", 
"neighborhood.T1", "neighborhood.LSCAvg", "linearity.L1", "linearity.L2", 
"linearity.L3", "dimensionality.T2", "dimensionality.T3", "dimensionality.T4", 
"balance.C1", "balance.C2", "network.Density", "network.ClsCoef", 
"network.Hubs", "ANN", "C4.5", "kNN", "SVM")))
