aux <-
structure(c(0.090225736196059, 0.564726409287665, 1, 0, 0, 0.487444069958385, 
0.840567877825405, 0.317998966116693, 0.173779672567497, 0.704109805211008, 
0.00284497110844784, 0.258975034727289, 0.258999940603493, 0.261666365020204, 
45, 50, 0.9, 0.825233277432675, 1.60526805694973, 0.112405055820687, 
0.337681794200688, 0.436923344026272, 0.70707400740074, 0.777004900490049, 
0.697123512351235, 0.779055205520552), .Names = c("overlapping.F1", 
"overlapping.F1v", "overlapping.F2", "overlapping.F3", "overlapping.F4", 
"neighborhood.N1", "neighborhood.N2", "neighborhood.N3", "neighborhood.N4", 
"neighborhood.T1", "neighborhood.LSCAvg", "linearity.L1", "linearity.L2", 
"linearity.L3", "dimensionality.T2", "dimensionality.T3", "dimensionality.T4", 
"balance.C1", "balance.C2", "network.Density", "network.ClsCoef", 
"network.Hubs", "ANN", "C4.5", "kNN", "SVM"))
