aux <-
structure(c(0.18165520784439, 0.151927662963022, 0.867831173506298, 
0.0158438654583593, 0.100824338891689, 0.690043999851588, 1.00739926662404, 
0.539999136791804, 0, 1, 0.000840733494224621, 0.161741589012641, 
0.181956138823851, 0.183635751373733, 12.1621621621622, 1125, 
0.0108108108108108, 0.831499033902394, 1.19677937049773, 0.0754199076657923, 
0.233447842390143, 0.255918178218313, 0.521201906163832, 0.690024920322535, 
0.435181506599344, 0.573189820484747), .Names = c("overlapping.F1", 
"overlapping.F1v", "overlapping.F2", "overlapping.F3", "overlapping.F4", 
"neighborhood.N1", "neighborhood.N2", "neighborhood.N3", "neighborhood.N4", 
"neighborhood.T1", "neighborhood.LSCAvg", "linearity.L1", "linearity.L2", 
"linearity.L3", "dimensionality.T2", "dimensionality.T3", "dimensionality.T4", 
"balance.C1", "balance.C2", "network.Density", "network.ClsCoef", 
"network.Hubs", "ANN", "C4.5", "kNN", "SVM"))
