aux <-
structure(c(0.176392086129283, 0.193871056083976, 0.207949943479523, 
0.187886018044984, 0.195406264746187, 0.179107724304876, 0.171417008099816, 
0.164216685638816, 0.171630087687562, 0.168675204228875, 0.130988410227799, 
0.144632805742719, 0.173783120065095, 0.162881277943724, 0.136823708899846, 
0.151599040506525, 0.162591030102164, 0.150675965052173, 0.154103906303664, 
0.151197364786512, 0.87064871654343, 0.848419887806276, 0.874372424731621, 
0.881243535308372, 0.858636103728728, 0.871613029320822, 0.865930084628958, 
0.875513073693052, 0.869529141905097, 0.862405737396623, 0.0139777946878132, 
0.0209311969838324, 0.0132942742335562, 0.0139531809078085, 0.0150714370254089, 
0.0205774120665598, 0.015080047900854, 0.0134038975438777, 0.0137900478248437, 
0.0183593654090385, 0.0950848678451401, 0.107225728788521, 0.102107266654849, 
0.0882306890430794, 0.0946736242295524, 0.116197354594318, 0.096053058680504, 
0.0951595560330705, 0.105435324585153, 0.108075918462699, 0.688750555802579, 
0.700888888888889, 0.683696135051088, 0.688582852065749, 0.691111111111111, 
0.686222222222222, 0.695111111111111, 0.694802310084407, 0.687111111111111, 
0.684163701067616, 1.00728591369347, 1.00789279158354, 1.00766018392591, 
1.00756268720089, 1.00734486678884, 1.0071704583947, 1.00707222921984, 
1.00782522340127, 1.00739411903992, 1.00678419299207, 0.534904401956425, 
0.545333333333333, 0.53976010661928, 0.537094624611284, 0.542666666666667, 
0.537333333333333, 0.546222222222222, 0.54775655264327, 0.533777777777778, 
0.535142348754448, 0, 0, 0, 0, 0, 0, 0, 0, 0, 0, 1, 1, 1, 1, 
1, 1, 1, 1, 1, 1, 0.000839659778635868, 0.000835753086419753, 
0.000836392177542495, 0.000841326062497323, 0.000842271604938272, 
0.000846617283950617, 0.000839506172839506, 0.000832642424976826, 
0.000842271604938272, 0.000850894745507276, 0.16319491210016, 
0.159812333253301, 0.160132451045317, 0.160090825852516, 0.160918813828491, 
0.159285585183176, 0.16277198837565, 0.163880328222091, 0.163870912462976, 
0.163457739802733, 0.182036813908212, 0.181908570880916, 0.180421389781857, 
0.180724269696427, 0.181316302779453, 0.181747312429654, 0.179844247334544, 
0.182695410028545, 0.18325558629958, 0.185611485099325, 0.186402868052498, 
0.176468869381661, 0.182614622918964, 0.185369636430475, 0.183118939710177, 
0.177399276593112, 0.186703044095115, 0.187087343315346, 0.187392879211782, 
0.183800034028196, 12.1567567567568, 12.1621621621622, 12.1675675675676, 
12.1675675675676, 12.1621621621622, 12.1621621621622, 12.1621621621622, 
12.1675675675676, 12.1621621621622, 12.1513513513514, 1124.5, 
1125, 1125.5, 1125.5, 1125, 1125, 1125, 1125.5, 1125, 1124, 0.0108108108108108, 
0.0108108108108108, 0.0108108108108108, 0.0108108108108108, 0.0108108108108108, 
0.0108108108108108, 0.0108108108108108, 0.0108108108108108, 0.0108108108108108, 
0.0108108108108108, 0.83127444737088, 0.831211112960696, 0.831871212059785, 
0.831871212059785, 0.831211112960696, 0.831211112960696, 0.831211112960696, 
0.831871212059785, 0.831934631898372, 0.831323171732552, 1.19697042816903, 
1.19705399028606, 1.19643526018617, 1.19643526018617, 1.19705399028606, 
1.19705399028606, 1.19705399028606, 1.19643526018617, 1.19635159450266, 
1.19694994060284, 0.0753549620313655, 0.0754231510300874, 0.0754406436645442, 
0.0753071721210326, 0.0754772985524431, 0.0755156365792204, 0.0755389555851984, 
0.0753166493903944, 0.0754164319944667, 0.0754081757091701, 0.233318900863734, 
0.233342035173531, 0.233614542928031, 0.233205429487633, 0.233504829973737, 
0.23374404620416, 0.233647744821041, 0.233157773844242, 0.233650967988779, 
0.233292152616541, 0.259705931852777, 0.253800144135048, 0.25383190161388, 
0.252187901150723, 0.253672580690105, 0.250090028074417, 0.260402397783796, 
0.271340520421714, 0.246928766640272, 0.257221609820402, 0.50996015936255, 
0.544, 0.550200803212851, 0.485943775100402, 0.496, 0.508, 0.568, 
0.534136546184739, 0.488, 0.527777777777778, 0.625498007968127, 
0.7, 0.670682730923695, 0.730923694779116, 0.688, 0.696, 0.676, 
0.706827309236948, 0.696, 0.71031746031746, 0.470119521912351, 
0.512, 0.44578313253012, 0.437751004016064, 0.416, 0.472, 0.368, 
0.389558232931727, 0.416, 0.424603174603175, 0.569721115537849, 
0.584, 0.546184738955823, 0.562248995983936, 0.572, 0.576, 0.576, 
0.610441767068273, 0.548, 0.587301587301587), .Dim = c(10L, 26L
), .Dimnames = list(NULL, c("overlapping.F1", "overlapping.F1v", 
"overlapping.F2", "overlapping.F3", "overlapping.F4", "neighborhood.N1", 
"neighborhood.N2", "neighborhood.N3", "neighborhood.N4", "neighborhood.T1", 
"neighborhood.LSCAvg", "linearity.L1", "linearity.L2", "linearity.L3", 
"dimensionality.T2", "dimensionality.T3", "dimensionality.T4", 
"balance.C1", "balance.C2", "network.Density", "network.ClsCoef", 
"network.Hubs", "ANN", "C4.5", "kNN", "SVM")))
