aux <-
structure(c(0.253930720270295, 0.329226149180771, 0.304363887086983, 
0.0689885946330572, 0.904409565808032, 0.906219135368384, 1.11059933226364, 
0.829331851607039, 0.0220809842560074, 1, 0.00179118022752034, 
0.224494424020315, 0.230654335298789, 0.243917835142922, 16.0714285714286, 
337.5, 0.0476190476190476, 0.964544703197859, 1.02820494764452, 
0.0277770759981427, 0.311859872306916, 0.103494391067117, 0.175727996828934, 
0.185623860398194, 0.16575677050659, 0.221619674965746), .Names = c("overlapping.F1", 
"overlapping.F1v", "overlapping.F2", "overlapping.F3", "overlapping.F4", 
"neighborhood.N1", "neighborhood.N2", "neighborhood.N3", "neighborhood.N4", 
"neighborhood.T1", "neighborhood.LSCAvg", "linearity.L1", "linearity.L2", 
"linearity.L3", "dimensionality.T2", "dimensionality.T3", "dimensionality.T4", 
"balance.C1", "balance.C2", "network.Density", "network.ClsCoef", 
"network.Hubs", "ANN", "C4.5", "kNN", "SVM"))
