aux <-
structure(c(0.246931448514777, 0.231390553384878, 0.285327746215066, 
0.204035877845745, 0.207795872454636, 0.210989889019421, 0.296174904808838, 
0.300081302763719, 0.259327066207233, 0.297252541488637, 0.297272920379739, 
0.316072357236568, 0.312064942110381, 0.329790494516118, 0.348356722422075, 
0.346890479351759, 0.307809834662062, 0.381500516794165, 0.314870129885478, 
0.337633094449364, 0.271833473977494, 0.280253477060276, 0.308810657820724, 
0.310109620994841, 0.303444918402167, 0.325142299201274, 0.316185606167731, 
0.319172249043201, 0.303301394249791, 0.305385173952332, 0.0691763654180771, 
0.0723778519939425, 0.0817569466231586, 0.0649850162195212, 0.0702630322578094, 
0.0631855969384693, 0.0648885972782572, 0.0691581258061569, 0.0671505100325231, 
0.0669439037626565, 0.910957682496867, 0.902804017388856, 0.910288093939037, 
0.891458207659022, 0.912403363195504, 0.887649218579951, 0.89701487406599, 
0.913948815553539, 0.908456393003612, 0.909114992197947, 0.907875185735513, 
0.898959881129272, 0.912592592592593, 0.900740740740741, 0.905044510385757, 
0.912850812407681, 0.903988183161004, 0.905185185185185, 0.906942392909897, 
0.908011869436202, 1.1112061759138, 1.10700115829706, 1.11046615759572, 
1.10902368517732, 1.11025934042237, 1.11044511928457, 1.11234737018866, 
1.11310776538725, 1.11022482891873, 1.11191172145094, 0.835066864784547, 
0.823179791976226, 0.834074074074074, 0.826666666666667, 0.826409495548961, 
0.833087149187592, 0.828655834564254, 0.82962962962963, 0.828655834564254, 
0.827893175074184, 0.0282317979197623, 0.0267459138187221, 0.0192592592592593, 
0.0118518518518519, 0.0252225519287834, 0.0236336779911374, 0.0118168389955687, 
0.0340740740740741, 0.0192023633677991, 0.0207715133531157, 1, 
1, 1, 1, 1, 1, 1, 1, 1, 1, 0.00178173621031111, 0.00181926968686041, 
0.00177119341563786, 0.00180850480109739, 0.00180066743565586, 
0.00178256230786182, 0.00177601679143148, 0.00179314128943759, 
0.00179565334072249, 0.00178305699618734, 0.225662005784151, 
0.218976778677346, 0.230267001419598, 0.219308758055, 0.225629903200719, 
0.227719488914874, 0.227296110525711, 0.221397896087917, 0.223976025088106, 
0.224710272449727, 0.230540687238291, 0.225659604089185, 0.241087848196066, 
0.228586877517812, 0.225776360683944, 0.23442689662467, 0.23946929036964, 
0.226658493187505, 0.23061430925672, 0.223722985824061, 0.244634239014831, 
0.240324968622963, 0.247797633434511, 0.249928439081709, 0.245538576754239, 
0.247496702970799, 0.248955549945094, 0.238664806269038, 0.242809973662969, 
0.233027461673068, 16.0238095238095, 16.0238095238095, 16.0714285714286, 
16.0714285714286, 16.047619047619, 16.1190476190476, 16.1190476190476, 
16.0714285714286, 16.1190476190476, 16.047619047619, 336.5, 336.5, 
337.5, 337.5, 337, 338.5, 338.5, 337.5, 338.5, 337, 0.0476190476190476, 
0.0476190476190476, 0.0476190476190476, 0.0476190476190476, 0.0476190476190476, 
0.0476190476190476, 0.0476190476190476, 0.0476190476190476, 0.0476190476190476, 
0.0476190476190476, 0.964368862300039, 0.964368862300039, 0.964901595908318, 
0.965004471425045, 0.964669370031377, 0.964733448489352, 0.964741796385655, 
0.963805814449216, 0.964836020090225, 0.964016790599323, 1.02832705350314, 
1.02832705350314, 1.02788100864008, 1.02784125795161, 1.02808820758005, 
1.02803125325681, 1.02804621627878, 1.02885363154658, 1.02799176846544, 
1.02866202571961, 0.0276436354631005, 0.0277409254935258, 0.0276733707000769, 
0.0278492141993626, 0.0280025220347353, 0.027929518498772, 0.0274750246912501, 
0.0280294537861303, 0.0276935313294818, 0.0277335637849921, 0.312644287438013, 
0.311685873050094, 0.311292935166341, 0.312551204325741, 0.311306542893205, 
0.314746156175352, 0.309335139248637, 0.313559891875899, 0.310837984241628, 
0.310638708654251, 0.101388220787053, 0.101181395783775, 0.105433208885178, 
0.101489411918955, 0.108423430552987, 0.099259515393399, 0.106181252048634, 
0.101548498817323, 0.109992655198031, 0.100046321285836, 0.168831168831169, 
0.181818181818182, 0.16, 0.16, 0.197368421052632, 0.150684931506849, 
0.164383561643836, 0.186666666666667, 0.150684931506849, 0.236842105263158, 
0.207792207792208, 0.181818181818182, 0.12, 0.213333333333333, 
0.157894736842105, 0.178082191780822, 0.232876712328767, 0.24, 
0.219178082191781, 0.105263157894737, 0.116883116883117, 0.142857142857143, 
0.16, 0.12, 0.197368421052632, 0.191780821917808, 0.205479452054795, 
0.146666666666667, 0.205479452054795, 0.171052631578947, 0.207792207792208, 
0.233766233766234, 0.213333333333333, 0.213333333333333, 0.157894736842105, 
0.287671232876712, 0.232876712328767, 0.226666666666667, 0.219178082191781, 
0.223684210526316), .Dim = c(10L, 26L), .Dimnames = list(NULL, 
    c("overlapping.F1", "overlapping.F1v", "overlapping.F2", 
    "overlapping.F3", "overlapping.F4", "neighborhood.N1", "neighborhood.N2", 
    "neighborhood.N3", "neighborhood.N4", "neighborhood.T1", 
    "neighborhood.LSCAvg", "linearity.L1", "linearity.L2", "linearity.L3", 
    "dimensionality.T2", "dimensionality.T3", "dimensionality.T4", 
    "balance.C1", "balance.C2", "network.Density", "network.ClsCoef", 
    "network.Hubs", "ANN", "C4.5", "kNN", "SVM")))
