aux <-
structure(c(1.38107474554995, 1.3981809376227, 1.27334679776096, 
1.67355778194872, 1.17322686203097, 1.49493882497463, 1.35909438986924, 
1.29384472404813, 2.89919097197277, 1.14461462497075, 0.821408177908124, 
0.890345380270772, 0.702277108793639, 0.791242852805314, 0.750002088058987, 
0.767763190087877, 0.771589640944017, 0.926335423404856, 0.814274433255608, 
1.07296724843275, 0.0596462192857516, 0.064165628389538, 0.0666224884661059, 
0.0623952965276499, 0.0714705023924059, 0.0673196785180625, 0.066298639055026, 
0.0606728273013711, 0.06460495187153, 0.0678897174044518, 0.187715691834374, 
0.169634450813113, 0.169198080065942, 0.201051760184511, 0.162412717178651, 
0.161982828957337, 0.16664278955814, 0.170976704952895, 0.171919566843158, 
0.164783084931868, 0.995122761748378, 0.993385754658498, 0.99326323469469, 
0.982516319321184, 0.990179599665803, 0.995505293502924, 0.995550200319983, 
0.984677562588645, 0.995284052807472, 0.986492352366931, 0.894736842105263, 
0.911111111111111, 0.919667590027701, 0.916434540389972, 0.911111111111111, 
0.910614525139665, 0.900277008310249, 0.908333333333333, 0.916897506925208, 
0.924791086350975, 1.09891496630839, 1.10167088663424, 1.11222226088475, 
1.10857672737834, 1.11422891023652, 1.11077482877364, 1.10762660908823, 
1.10405687229681, 1.11275443518246, 1.10664385456473, 0.806094182825485, 
0.816666666666667, 0.842105263157895, 0.832869080779944, 0.830555555555556, 
0.835195530726257, 0.825484764542936, 0.825, 0.842105263157895, 
0.835654596100279, 0.00277008310249307, 0.0166666666666667, 0.0138504155124654, 
0.0222841225626741, 0.00555555555555556, 0.0139664804469274, 
0.0138504155124654, 0.0194444444444444, 0.00831024930747922, 
0.00278551532033426, 1, 1, 1, 1, 1, 1, 1, 1, 1, 1, 0.00351439906078069, 
0.00345679012345679, 0.00336093185288633, 0.00342952025511906, 
0.00337962962962963, 0.0034409038419525, 0.00337627857367577, 
0.00344907407407407, 0.00335325849249162, 0.0033984838727198, 
0.0740670269578775, 0.0737640739001551, 0.0862897726357549, 0.0782461255965184, 
0.0914677509916011, 0.0795397180598129, 0.088696493977996, 0.0870924871748434, 
0.0877870690746582, 0.0797718699384142, 0.0605852533506085, 0.0569459310095245, 
0.0699075590971722, 0.0685197014065516, 0.074110579224922, 0.0605076984381574, 
0.0692419266677555, 0.0661655119425264, 0.0700795738936232, 0.0638540627428895, 
0.144549931798886, 0.143554748271747, 0.145318558297766, 0.139984164451196, 
0.150860954346684, 0.14805205419672, 0.145515502193294, 0.150623926943236, 
0.1527368324337, 0.130954904681803, 8.59523809523809, 8.57142857142857, 
8.59523809523809, 8.54761904761905, 8.57142857142857, 8.52380952380952, 
8.59523809523809, 8.57142857142857, 8.59523809523809, 8.54761904761905, 
180.5, 180, 180.5, 179.5, 180, 179, 180.5, 180, 180.5, 179.5, 
0.0476190476190476, 0.0476190476190476, 0.0476190476190476, 0.0476190476190476, 
0.0476190476190476, 0.0476190476190476, 0.0476190476190476, 0.0476190476190476, 
0.0476190476190476, 0.0476190476190476, 0.923443492928945, 0.923152597694393, 
0.923943756898903, 0.922011784914603, 0.924288950374123, 0.92123225091314, 
0.924072784534427, 0.922661323102228, 0.922953579208227, 0.921882038462168, 
1.0664654867796, 1.06699371134321, 1.06622746419168, 1.06788692408763, 
1.06547661552805, 1.06866827073328, 1.06617472364513, 1.06716517180993, 
1.06663588103486, 1.06794033775594, 0.0335641735918744, 0.0336892602909316, 
0.0335641735918744, 0.0328659684723238, 0.0332559579077685, 0.033237876156049, 
0.0327947060634041, 0.033488084184463, 0.0324253616497384, 0.0333328146153966, 
0.318779680529573, 0.321589725789656, 0.320317002881844, 0.309305210918114, 
0.314666115604889, 0.314020717899301, 0.305897820038524, 0.320691144708423, 
0.309303565269198, 0.31466094880729, 0.151834127092981, 0.149360380299549, 
0.145204905411185, 0.14670904727198, 0.134627260907731, 0.15311422422772, 
0.150441711082799, 0.150862746447109, 0.133347851236574, 0.137039997157532, 
0.205128205128205, 0.1, 0.307692307692308, 0.195121951219512, 
0.3, 0.19047619047619, 0.179487179487179, 0.175, 0.179487179487179, 
0.146341463414634, 0.230769230769231, 0.225, 0.384615384615385, 
0.268292682926829, 0.275, 0.380952380952381, 0.384615384615385, 
0.425, 0.41025641025641, 0.390243902439024, 0.128205128205128, 
0.175, 0.256410256410256, 0.317073170731707, 0.35, 0.166666666666667, 
0.205128205128205, 0.15, 0.179487179487179, 0.146341463414634, 
0.333333333333333, 0.225, 0.256410256410256, 0.365853658536585, 
0.375, 0.238095238095238, 0.282051282051282, 0.3, 0.307692307692308, 
0.365853658536585), .Dim = c(10L, 26L), .Dimnames = list(NULL, 
    c("overlapping.F1", "overlapping.F1v", "overlapping.F2", 
    "overlapping.F3", "overlapping.F4", "neighborhood.N1", "neighborhood.N2", 
    "neighborhood.N3", "neighborhood.N4", "neighborhood.T1", 
    "neighborhood.LSCAvg", "linearity.L1", "linearity.L2", "linearity.L3", 
    "dimensionality.T2", "dimensionality.T3", "dimensionality.T4", 
    "balance.C1", "balance.C2", "network.Density", "network.ClsCoef", 
    "network.Hubs", "ANN", "C4.5", "kNN", "SVM")))
