aux <-
structure(c(1.50910706607488, 0.830820554396194, 0.0651085949211893, 
0.172631767531999, 0.991197713167451, 0.911397465480459, 1.10774703513481, 
0.829173090351291, 0.0119483948431506, 1, 0.00341592697767863, 
0.0826722388307632, 0.0659917797773731, 0.145215157761503, 8.57142857142857, 
180, 0.0476190476190476, 0.922964255903116, 1.06696345869093, 
0.0332218376523824, 0.314923193244681, 0.145254225113516, 0.197873447690521, 
0.337474537657464, 0.207431207004378, 0.304928973465559), .Names = c("overlapping.F1", 
"overlapping.F1v", "overlapping.F2", "overlapping.F3", "overlapping.F4", 
"neighborhood.N1", "neighborhood.N2", "neighborhood.N3", "neighborhood.N4", 
"neighborhood.T1", "neighborhood.LSCAvg", "linearity.L1", "linearity.L2", 
"linearity.L3", "dimensionality.T2", "dimensionality.T3", "dimensionality.T4", 
"balance.C1", "balance.C2", "network.Density", "network.ClsCoef", 
"network.Hubs", "ANN", "C4.5", "kNN", "SVM"))
