aux <-
structure(c(0.505681758062285, 1.2254968780804, 0.959573542479586, 
0.0183114510472741, 0.0347784494723075, 0.823935643847098, 1.2012899648659, 
0.672119240967148, 0.488376175972522, 0.942321132341576, 0.00152679220943616, 
0.249013657827207, 0.291789234084866, 0.277412910842031, 66, 
990, 0.0666666666666667, 0.98222542334323, 1.01861151871701, 
0.0441178644447503, 0.421323684755108, 0.12207318265975, 0.336406006864722, 
0.352849999409633, 0.315486938594737, 0.358170474328731), .Names = c("overlapping.F1", 
"overlapping.F1v", "overlapping.F2", "overlapping.F3", "overlapping.F4", 
"neighborhood.N1", "neighborhood.N2", "neighborhood.N3", "neighborhood.N4", 
"neighborhood.T1", "neighborhood.LSCAvg", "linearity.L1", "linearity.L2", 
"linearity.L3", "dimensionality.T2", "dimensionality.T3", "dimensionality.T4", 
"balance.C1", "balance.C2", "network.Density", "network.ClsCoef", 
"network.Hubs", "ANN", "C4.5", "kNN", "SVM"))
