aux <-
structure(c(0.562150114027857, 0.494006509901868, 0.574156759832149, 
0.453790257952624, 0.509518352982772, 0.445884694020459, 0.472667098153379, 
0.529444587701306, 0.501271184792201, 0.51392802125823, 1.23495786946205, 
1.16392414532872, 1.29833717080469, 1.22755749826093, 1.26492325118748, 
1.1477002114348, 1.22026140920753, 1.25784671738395, 1.19332440264999, 
1.24613610508382, 0.962634733015838, 0.963869484958071, 0.944240930798446, 
0.9600115750488, 0.963638204601197, 0.961419347891115, 0.951041187349061, 
0.961109949289068, 0.963545145387426, 0.96422486645684, 0.0164720090151647, 
0.017259518374087, 0.0197120636647681, 0.017202297338286, 0.0161380323685162, 
0.0229607109825642, 0.0225624428548533, 0.0163569693778266, 0.0170277191525161, 
0.0174227473441593, 0.0326860981549955, 0.0319045990818271, 0.0398995841696846, 
0.0326902686683269, 0.0310333112384462, 0.0396115348562694, 0.0384813864063802, 
0.036444396846539, 0.0324005219478334, 0.0326327933527722, 0.830474268415742, 
0.834343434343434, 0.82020202020202, 0.830645161290323, 0.818825910931174, 
0.811111111111111, 0.811111111111111, 0.833333333333333, 0.816986855409505, 
0.832323232323232, 1.19414191917816, 1.21692847728234, 1.18030481814055, 
1.19877678558514, 1.19971107947245, 1.20151585767854, 1.20216827690587, 
1.21785522078357, 1.19579144143983, 1.2057057721925, 0.668012108980827, 
0.683838383838384, 0.665656565656566, 0.673387096774194, 0.661943319838057, 
0.670707070707071, 0.671717171717172, 0.678787878787879, 0.671385237613751, 
0.675757575757576, 0.497477295660949, 0.48989898989899, 0.485858585858586, 
0.507056451612903, 0.469635627530364, 0.492929292929293, 0.492929292929293, 
0.482828282828283, 0.496461071789687, 0.468686868686869, 0.942482341069627, 
0.952525252525253, 0.937373737373737, 0.94758064516129, 0.934210526315789, 
0.943434343434343, 0.94040404040404, 0.937373737373737, 0.948432760364004, 
0.939393939393939, 0.00153449664538872, 0.00150392817059484, 
0.00152331394755637, 0.00151819393860562, 0.001551000672032, 
0.00154269972451791, 0.0015416794204673, 0.0014988266503418, 
0.00152230654489577, 0.00153147637996123, 0.262529123620398, 
0.253679067639493, 0.245785511656023, 0.246283914798921, 0.244033331111408, 
0.247456544499313, 0.251851263461641, 0.245483699399915, 0.248677917490721, 
0.244356204594239, 0.292729946657428, 0.298286698619068, 0.287315527847103, 
0.289928152983984, 0.288813191930935, 0.29383155109965, 0.295657218728747, 
0.290725286822482, 0.290198095259766, 0.290406670899496, 0.290727093567449, 
0.28871298993412, 0.285875435625704, 0.267178283700174, 0.267271229069183, 
0.282673962794715, 0.266583698610225, 0.270477908220536, 0.286970845127042, 
0.267657661771162, 66.0666666666667, 66, 66, 66.1333333333333, 
65.8666666666667, 66, 66, 66, 65.9333333333333, 66, 991, 990, 
990, 992, 988, 990, 990, 990, 989, 990, 0.0666666666666667, 0.0666666666666667, 
0.0666666666666667, 0.0666666666666667, 0.0666666666666667, 0.0666666666666667, 
0.0666666666666667, 0.0666666666666667, 0.0666666666666667, 0.0666666666666667, 
0.982244363385539, 0.982431141814542, 0.981997256101711, 0.982192962856574, 
0.98215631323835, 0.981915672516087, 0.982349558228918, 0.982349558228918, 
0.982402489582375, 0.982214917479282, 1.01861134704089, 1.01837984310196, 
1.01883712511299, 1.01863596683926, 1.01866765627563, 1.01892661169871, 
1.01846932968767, 1.01846932968767, 1.01844261905022, 1.01867535867514, 
0.0441080838659043, 0.0438806671364811, 0.0444893832153691, 0.0440028807656001, 
0.0443375213811944, 0.0441543851048401, 0.0441870678473307, 0.0439746300211417, 
0.0438753413049619, 0.0441686838046798, 0.420207013449467, 0.421685057364559, 
0.422784004951176, 0.422718915585044, 0.420222550674445, 0.420065946250888, 
0.423207920101723, 0.42261781074057, 0.419451484000127, 0.420276144433077, 
0.123360602033304, 0.122259671895002, 0.122328571243994, 0.122318546180505, 
0.122051376821169, 0.124518766345234, 0.119904069713073, 0.116629264568987, 
0.127452633754261, 0.119908324041973, 0.348623853211009, 0.381818181818182, 
0.309090909090909, 0.305555555555556, 0.321428571428571, 0.445454545454545, 
0.309090909090909, 0.354545454545455, 0.27027027027027, 0.318181818181818, 
0.385321100917431, 0.381818181818182, 0.318181818181818, 0.416666666666667, 
0.357142857142857, 0.281818181818182, 0.272727272727273, 0.354545454545455, 
0.369369369369369, 0.390909090909091, 0.311926605504587, 0.418181818181818, 
0.281818181818182, 0.296296296296296, 0.276785714285714, 0.281818181818182, 
0.3, 0.363636363636364, 0.315315315315315, 0.309090909090909, 
0.330275229357798, 0.318181818181818, 0.3, 0.37037037037037, 
0.366071428571429, 0.390909090909091, 0.272727272727273, 0.427272727272727, 
0.351351351351351, 0.454545454545455), .Dim = c(10L, 26L), .Dimnames = list(
    NULL, c("overlapping.F1", "overlapping.F1v", "overlapping.F2", 
    "overlapping.F3", "overlapping.F4", "neighborhood.N1", "neighborhood.N2", 
    "neighborhood.N3", "neighborhood.N4", "neighborhood.T1", 
    "neighborhood.LSCAvg", "linearity.L1", "linearity.L2", "linearity.L3", 
    "dimensionality.T2", "dimensionality.T3", "dimensionality.T4", 
    "balance.C1", "balance.C2", "network.Density", "network.ClsCoef", 
    "network.Hubs", "ANN", "C4.5", "kNN", "SVM")))
