aux <-
structure(c(0.284436245637593, 0.470313869727441, 0.858578661295054, 
0.0960985044699718, 0.115470298167226, 0.772384254168537, 1.12756175687076, 
0.60904849288554, 0.407136221573623, 0.923963141316549, 0.00265005612667678, 
0.235038170517923, 0.356232001234434, 0.349694827098994, 42, 
630, 0.0666666666666667, 0.998391773050338, 1.00256607983368, 
0.0641906795102167, 0.410841989144656, 0.164018106232517, 0.443018108651911, 
0.527107864578777, 0.384156825008019, 0.424259761467355), .Names = c("overlapping.F1", 
"overlapping.F1v", "overlapping.F2", "overlapping.F3", "overlapping.F4", 
"neighborhood.N1", "neighborhood.N2", "neighborhood.N3", "neighborhood.N4", 
"neighborhood.T1", "neighborhood.LSCAvg", "linearity.L1", "linearity.L2", 
"linearity.L3", "dimensionality.T2", "dimensionality.T3", "dimensionality.T4", 
"balance.C1", "balance.C2", "network.Density", "network.ClsCoef", 
"network.Hubs", "ANN", "C4.5", "kNN", "SVM"))
