aux <-
structure(c(0.282137318474021, 0.254795651793432, 0.301321621747771, 
0.298937975026041, 0.324342621203157, 0.302398468358194, 0.321999832129213, 
0.269711924753184, 0.226765504199533, 0.261951538691386, 0.497171836785719, 
0.458061959650723, 0.470204319912588, 0.44841401405682, 0.530265526011189, 
0.510634694632325, 0.489742427063555, 0.455748233434122, 0.414145805774038, 
0.428749879953333, 0.867146035666058, 0.866641190594948, 0.867146035666058, 
0.863184120783043, 0.867146035666058, 0.842789962104179, 0.818985409124056, 
0.867017185087985, 0.866931308798707, 0.858799329459447, 0.0930538641230008, 
0.0937358268868065, 0.0953677487750327, 0.0936575035792049, 0.0931021088423918, 
0.0937801528823407, 0.118468383269601, 0.090465299332366, 0.0946602303879463, 
0.0946939266210277, 0.109721494362271, 0.112816640879658, 0.116080484656111, 
0.114288681104004, 0.11214478909418, 0.115350222889034, 0.135141804601346, 
0.110291323878099, 0.112148647644711, 0.116718892562845, 0.779365079365079, 
0.771428571428571, 0.777777777777778, 0.770206022187005, 0.771428571428571, 
0.76031746031746, 0.791732909379968, 0.771790808240888, 0.771065182829889, 
0.758730158730159, 1.12379884930373, 1.12426177227064, 1.12357373090039, 
1.13079977139155, 1.13347507413869, 1.11962919513335, 1.13818463930926, 
1.12993343609499, 1.12876832141319, 1.12319277875182, 0.614285714285714, 
0.60952380952381, 0.604761904761905, 0.624405705229794, 0.593650793650794, 
0.601587301587302, 0.626391096979332, 0.606973058637084, 0.610492845786963, 
0.598412698412698, 0.417460317460317, 0.412698412698413, 0.398412698412698, 
0.437400950871632, 0.368253968253968, 0.40952380952381, 0.403815580286169, 
0.415213946117274, 0.406995230524642, 0.401587301587302, 0.919047619047619, 
0.931746031746032, 0.920634920634921, 0.933438985736926, 0.931746031746032, 
0.919047619047619, 0.915739268680445, 0.936608557844691, 0.922098569157393, 
0.90952380952381, 0.00267573696145125, 0.0026379440665155, 0.0026883345930965, 
0.00260949716320785, 0.0026832955404384, 0.00265054169816075, 
0.0026539211052444, 0.00260698561637127, 0.00262864566614683, 
0.00266565885613505, 0.227842717682303, 0.235411066981179, 0.242999488809071, 
0.24164988932005, 0.228203375880608, 0.238524271312458, 0.238875083594722, 
0.227360187574791, 0.234387452024517, 0.235128171999526, 0.348319373963771, 
0.356082380223074, 0.354515420243547, 0.358753409054837, 0.341329393361878, 
0.349164173442035, 0.359898025108306, 0.361309077057417, 0.368042049922162, 
0.364906709967318, 0.353326635985686, 0.326192636181824, 0.365864676970028, 
0.326654894700625, 0.34083686989771, 0.340820944465339, 0.36895080632015, 
0.36673424248636, 0.35718871726674, 0.350377846715474, 42, 42, 
42, 42.0666666666667, 42, 42, 41.9333333333333, 42.0666666666667, 
41.9333333333333, 42, 630, 630, 630, 631, 630, 630, 629, 631, 
629, 630, 0.0666666666666667, 0.0666666666666667, 0.0666666666666667, 
0.0666666666666667, 0.0666666666666667, 0.0666666666666667, 0.0666666666666667, 
0.0666666666666667, 0.0666666666666667, 0.0666666666666667, 0.998446011849019, 
0.998472462504292, 0.998472462504292, 0.998405647332207, 0.998276252769007, 
0.998472462504292, 0.998345265469526, 0.998405647332207, 0.998345265469526, 
0.998276252769007, 1.0024860173182, 1.00243779461415, 1.00243779461415, 
1.00254549934818, 1.00274812765709, 1.00243779461415, 1.00263707158281, 
1.00254549934818, 1.00263707158281, 1.00274812765709, 0.0645771822242411, 
0.0637242284301108, 0.0643904408610291, 0.0640857293789148, 0.0645721351603705, 
0.0646226057990764, 0.0642309600720991, 0.0636329333635197, 0.0640132451672354, 
0.0640573346455699, 0.411668466954341, 0.412130571995894, 0.412254242559362, 
0.409951969621491, 0.412379470420989, 0.412485148459623, 0.409892381991907, 
0.410860281824695, 0.40641906000492, 0.410378297613337, 0.165214774896675, 
0.165315245941876, 0.17582381890777, 0.162979721974083, 0.160555708448433, 
0.162563900162777, 0.159802887131425, 0.158544560871349, 0.151363492799246, 
0.178016951191535, 0.4, 0.442857142857143, 0.428571428571429, 
0.521739130434783, 0.371428571428571, 0.414285714285714, 0.380281690140845, 
0.478260869565217, 0.507042253521127, 0.485714285714286, 0.5, 
0.471428571428571, 0.557142857142857, 0.579710144927536, 0.457142857142857, 
0.471428571428571, 0.563380281690141, 0.550724637681159, 0.591549295774648, 
0.528571428571429, 0.385714285714286, 0.371428571428571, 0.3, 
0.391304347826087, 0.4, 0.371428571428571, 0.422535211267606, 
0.405797101449275, 0.464788732394366, 0.328571428571429, 0.414285714285714, 
0.4, 0.428571428571429, 0.391304347826087, 0.385714285714286, 
0.371428571428571, 0.408450704225352, 0.463768115942029, 0.464788732394366, 
0.514285714285714), .Dim = c(10L, 26L), .Dimnames = list(NULL, 
    c("overlapping.F1", "overlapping.F1v", "overlapping.F2", 
    "overlapping.F3", "overlapping.F4", "neighborhood.N1", "neighborhood.N2", 
    "neighborhood.N3", "neighborhood.N4", "neighborhood.T1", 
    "neighborhood.LSCAvg", "linearity.L1", "linearity.L2", "linearity.L3", 
    "dimensionality.T2", "dimensionality.T3", "dimensionality.T4", 
    "balance.C1", "balance.C2", "network.Density", "network.ClsCoef", 
    "network.Hubs", "ANN", "C4.5", "kNN", "SVM")))
