aux <-
structure(c(0.814533207785696, 0.994280357832274, 0.898414229533421, 
0.913028456453271, 1.3464867651919, 1.09255631122289, 0.758188891991513, 
1.07399662109353, 0.919258757125937, 0.832995916054126, 1.23157838929275, 
1.22744090708463, 1.20628864482462, 1.38281892040049, 1.48287323328654, 
1.30004369056022, 1.04831145029047, 1.3417306095531, 1.23910666193626, 
1.14585050068857, 0.912005645990246, 0.897623916457299, 0.90364490741579, 
0.906972832309904, 0.910766950443226, 0.90706319660586, 0.910401476073448, 
0.901357904200438, 0.911856203731045, 0.887218856361211, 0.0346811265207516, 
0.0442550937402629, 0.0386149070918058, 0.03651077397318, 0.0363781889721656, 
0.0376452774821678, 0.0395705347478, 0.0451307755188149, 0.0353208997328412, 
0.0360275562310631, 0.0832637044213792, 0.108433038435596, 0.0857426312914451, 
0.0885892212182093, 0.0841559396794537, 0.084298123896594, 0.0962717197696443, 
0.0910951962994928, 0.0856487590993292, 0.0885808140597438, 0.78, 
0.764444444444444, 0.773333333333333, 0.78, 0.776053215077605, 
0.791574279379157, 0.780487804878049, 0.768888888888889, 0.766146993318486, 
0.765625, 1.15339986789565, 1.13300356477676, 1.14468830035318, 
1.14244419707748, 1.13719093412569, 1.15469299411004, 1.15704079824384, 
1.15195749010739, 1.15115306347327, 1.1435834970168, 0.624444444444444, 
0.613333333333333, 0.611111111111111, 0.615555555555556, 0.618625277161863, 
0.614190687361419, 0.631929046563193, 0.611111111111111, 0.601336302895323, 
0.602678571428571, 0.424444444444444, 0.377777777777778, 0.402222222222222, 
0.397777777777778, 0.376940133037694, 0.379157427937916, 0.401330376940133, 
0.417777777777778, 0.365256124721604, 0.453125, 0.902222222222222, 
0.911111111111111, 0.92, 0.911111111111111, 0.900221729490022, 
0.904656319290466, 0.909090909090909, 0.913333333333333, 0.906458797327394, 
0.917410714285714, 0.00383703703703704, 0.0038320987654321, 0.00395061728395062, 
0.00384197530864198, 0.00387903697621939, 0.00383478940614845, 
0.00370696309261016, 0.00394074074074074, 0.00390871077028388, 
0.00387635522959184, 0.222478228641222, 0.226377410800329, 0.220783881772689, 
0.228840602994318, 0.208719332024554, 0.22851302357265, 0.230661942145073, 
0.215686909888505, 0.228792059381571, 0.23331859361943, 0.259931454997033, 
0.261200961581482, 0.263272119831636, 0.254996901804012, 0.245383442558232, 
0.260045024408405, 0.263602422720336, 0.254542324515028, 0.25955892541899, 
0.263422020179976, 0.224577469987263, 0.237235741543125, 0.238183307222045, 
0.234692213914058, 0.225287704126038, 0.24870143784419, 0.272981673875712, 
0.235015317532728, 0.255758131225364, 0.248275271330777, 30, 
30, 30, 30, 30.0666666666667, 30.0666666666667, 30.0666666666667, 
30, 29.9333333333333, 29.8666666666667, 450, 450, 450, 450, 451, 
451, 451, 450, 449, 448, 0.0666666666666667, 0.0666666666666667, 
0.0666666666666667, 0.0666666666666667, 0.0666666666666667, 0.0666666666666667, 
0.0666666666666667, 0.0666666666666667, 0.0666666666666667, 0.0666666666666667, 
0.925280935954969, 0.925280935954969, 0.924332843061151, 0.924332843061151, 
0.925672049120418, 0.925323814127474, 0.925672049120418, 0.925280935954969, 
0.925758614319661, 0.924678111086789, 1.09348800262249, 1.09348800262249, 
1.09394260979368, 1.09394260979368, 1.09267182319397, 1.09300295689391, 
1.09267182319397, 1.09348800262249, 1.0923716329005, 1.09347125964948, 
0.0506904231625835, 0.0512744370205395, 0.0514625092798812, 0.0511754516208859, 
0.0513525498891353, 0.05150036954915, 0.0504459226410446, 0.0519079435783222, 
0.051185173401209, 0.0510346756152125, 0.428948357673294, 0.437736189214864, 
0.427547754400093, 0.42981859095455, 0.436548745372275, 0.437184603936955, 
0.430641547363939, 0.433851581134622, 0.438003446198675, 0.434523006581423, 
0.200638091983009, 0.18228437752753, 0.190046655529192, 0.202706990000604, 
0.185282841333196, 0.185094278581335, 0.17789520592824, 0.175666670443606, 
0.192457227786281, 0.1811539896129, 0.46, 0.42, 0.4, 0.32, 0.428571428571429, 
0.448979591836735, 0.551020408163265, 0.36, 0.333333333333333, 
0.461538461538462, 0.52, 0.48, 0.52, 0.5, 0.408163265306122, 
0.510204081632653, 0.489795918367347, 0.62, 0.549019607843137, 
0.519230769230769, 0.46, 0.32, 0.3, 0.44, 0.183673469387755, 
0.346938775510204, 0.469387755102041, 0.38, 0.352941176470588, 
0.307692307692308, 0.4, 0.38, 0.38, 0.4, 0.36734693877551, 0.387755102040816, 
0.469387755102041, 0.34, 0.450980392156863, 0.442307692307692
), .Dim = c(10L, 26L), .Dimnames = list(NULL, c("overlapping.F1", 
"overlapping.F1v", "overlapping.F2", "overlapping.F3", "overlapping.F4", 
"neighborhood.N1", "neighborhood.N2", "neighborhood.N3", "neighborhood.N4", 
"neighborhood.T1", "neighborhood.LSCAvg", "linearity.L1", "linearity.L2", 
"linearity.L3", "dimensionality.T2", "dimensionality.T3", "dimensionality.T4", 
"balance.C1", "balance.C2", "network.Density", "network.ClsCoef", 
"network.Hubs", "ANN", "C4.5", "kNN", "SVM")))
