aux <-
structure(c(0.964373951428456, 1.26060430079177, 0.904891188958847, 
0.0384135134010853, 0.0896079148170887, 0.774655395931996, 1.14691547071801, 
0.614431544096592, 0.399580906263735, 0.909561624726228, 0.00386083246106562, 
0.224417198484034, 0.258595559801513, 0.24207082686013, 30, 450, 
0.0666666666666667, 0.925161313176197, 1.09325387232867, 0.0512029455757964, 
0.433480382283069, 0.187322632872589, 0.418344322344322, 0.511641364238003, 
0.35606334841629, 0.401777788038292), .Names = c("overlapping.F1", 
"overlapping.F1v", "overlapping.F2", "overlapping.F3", "overlapping.F4", 
"neighborhood.N1", "neighborhood.N2", "neighborhood.N3", "neighborhood.N4", 
"neighborhood.T1", "neighborhood.LSCAvg", "linearity.L1", "linearity.L2", 
"linearity.L3", "dimensionality.T2", "dimensionality.T3", "dimensionality.T4", 
"balance.C1", "balance.C2", "network.Density", "network.ClsCoef", 
"network.Hubs", "ANN", "C4.5", "kNN", "SVM"))
