aux <-
structure(c(0.240240325915737, 0.374083551538718, 0.415949216293354, 
0.312792567998984, 0.418216809256653, 0.255451071827763, 0.299640296910941, 
0.238406560655888, 0.292624362941471, 0.237142707725274, 0.358482015035217, 
0.38882248636681, 0.351873805850325, 0.369827146019445, 0.363685906833127, 
0.312750744492401, 0.32748214623685, 0.342170212395559, 0.383095634987172, 
0.313623289238296, 0.460662935363278, 0.438700115985322, 0.501511787827446, 
0.484903156195804, 0.472470161014286, 0.485320647876484, 0.474501936598396, 
0.474120843382596, 0.477476574410946, 0.450040553026996, 0.0457034797029197, 
0.0528177724995402, 0.0479362846780302, 0.0472848366492304, 0.0461499318904806, 
0.0509758599097945, 0.0474859355660566, 0.0487708580179652, 0.047963303104812, 
0.0520333572141247, 0.665056995264671, 0.696559237447003, 0.655730431326291, 
0.663427398418538, 0.653912253592136, 0.699238681904465, 0.675820658568695, 
0.683514154331175, 0.685977229184269, 0.683356261052004, 0.932222222222222, 
0.93, 0.924444444444444, 0.918888888888889, 0.934517203107658, 
0.926666666666667, 0.932146829810901, 0.92769744160178, 0.916759156492786, 
0.923333333333333, 1.11253050068566, 1.10605708596298, 1.10516243712103, 
1.10415154794716, 1.11123381626821, 1.10816446710559, 1.10653519635517, 
1.10802733797004, 1.10501688292975, 1.10568474233645, 0.873333333333333, 
0.86, 0.854444444444444, 0.844444444444444, 0.879023307436182, 
0.865555555555556, 0.8587319243604, 0.85761957730812, 0.851276359600444, 
0.853333333333333, 0.0277777777777778, 0.0177777777777778, 0.0255555555555556, 
0.0211111111111111, 0.0288568257491676, 0.03, 0.0233592880978865, 
0.0244716351501669, 0.0133185349611543, 0.0211111111111111, 1, 
1, 1, 1, 1, 1, 1, 1, 1, 1, 0.00128765432098765, 0.00129382716049383, 
0.00129876543209877, 0.00130740740740741, 0.00127247933914839, 
0.00128518518518519, 0.0012967071310231, 0.00129918176295253, 
0.00130081140575092, 0.00129876543209877, 0.232673071037166, 
0.233859010957764, 0.231535919100767, 0.231703566334113, 0.228781901029568, 
0.236881089928445, 0.235879845620457, 0.231983548905069, 0.230819065937603, 
0.240777619606068, 0.27761485583512, 0.267947919332861, 0.271315239534483, 
0.260431401339311, 0.26611747801061, 0.278597127278523, 0.276684569608113, 
0.270647205806974, 0.26820788865593, 0.276602061346464, 0.274015943571247, 
0.269305454714972, 0.265521543428017, 0.264328884806596, 0.271912168398756, 
0.268137711746304, 0.275974892693463, 0.265129127854902, 0.268539435502906, 
0.274358482787692, 21.4285714285714, 21.4285714285714, 21.4285714285714, 
21.4285714285714, 21.452380952381, 21.4285714285714, 21.4047619047619, 
21.4047619047619, 21.452380952381, 21.4285714285714, 450, 450, 
450, 450, 450.5, 450, 449.5, 449.5, 450.5, 450, 0.0476190476190476, 
0.0476190476190476, 0.0476190476190476, 0.0476190476190476, 0.0476190476190476, 
0.0476190476190476, 0.0476190476190476, 0.0476190476190476, 0.0476190476190476, 
0.0476190476190476, 0.973873872063648, 0.973893423200298, 0.973873872063648, 
0.97394140223554, 0.973855189689971, 0.973873872063648, 0.973779419252353, 
0.973685639913098, 0.973932420511761, 0.97394140223554, 1.02357501135555, 
1.0235663786854, 1.02357501135555, 1.02353456242319, 1.02352702602143, 
1.02357501135555, 1.02368325206304, 1.02373106833581, 1.02348859342223, 
1.02353456242319, 0.0270028426646892, 0.0269361018415523, 0.0274453096032629, 
0.0272574465455444, 0.0273893205080774, 0.0271091336052404, 0.0269936157720407, 
0.0269837062214636, 0.0273029966703663, 0.0271635150166852, 0.311033948990685, 
0.308385274189121, 0.316583221928054, 0.312503168662303, 0.315062392483212, 
0.311116523245116, 0.310398250250615, 0.308577191668831, 0.312394596172984, 
0.313227588920084, 0.09933543530158, 0.119130564098286, 0.104097271388718, 
0.100819356405995, 0.103519017736841, 0.10787545160454, 0.104777018627796, 
0.0976599260651737, 0.0977531308584706, 0.101509806454826, 0.2, 
0.15, 0.15, 0.09, 0.161616161616162, 0.09, 0.178217821782178, 
0.178217821782178, 0.181818181818182, 0.12, 0.2, 0.19, 0.19, 
0.14, 0.171717171717172, 0.23, 0.198019801980198, 0.188118811881188, 
0.252525252525253, 0.25, 0.16, 0.16, 0.15, 0.19, 0.232323232323232, 
0.13, 0.158415841584158, 0.0891089108910891, 0.141414141414141, 
0.13, 0.25, 0.25, 0.24, 0.21, 0.252525252525253, 0.24, 0.237623762376238, 
0.217821782178218, 0.242424242424242, 0.24), .Dim = c(10L, 26L
), .Dimnames = list(NULL, c("overlapping.F1", "overlapping.F1v", 
"overlapping.F2", "overlapping.F3", "overlapping.F4", "neighborhood.N1", 
"neighborhood.N2", "neighborhood.N3", "neighborhood.N4", "neighborhood.T1", 
"neighborhood.LSCAvg", "linearity.L1", "linearity.L2", "linearity.L3", 
"dimensionality.T2", "dimensionality.T3", "dimensionality.T4", 
"balance.C1", "balance.C2", "network.Density", "network.ClsCoef", 
"network.Hubs", "ANN", "C4.5", "kNN", "SVM")))
