aux <-
structure(c(0.308454747106478, 0.35118133874552, 0.471970871168155, 
0.0487121619232954, 0.676259330108925, 0.926667618656868, 1.1072564014682, 
0.859776227981626, 0.0233339617291709, 1, 0.00129407845771466, 
0.233489463845702, 0.271416574674839, 0.269722364550485, 21.4285714285714, 
450, 0.0476190476190476, 0.973865051322951, 1.02357904774409, 
0.0271583988448922, 0.311928215651101, 0.103647697854223, 0.14998699869987, 
0.201038103810381, 0.154126212621262, 0.238039503950395), .Names = c("overlapping.F1", 
"overlapping.F1v", "overlapping.F2", "overlapping.F3", "overlapping.F4", 
"neighborhood.N1", "neighborhood.N2", "neighborhood.N3", "neighborhood.N4", 
"neighborhood.T1", "neighborhood.LSCAvg", "linearity.L1", "linearity.L2", 
"linearity.L3", "dimensionality.T2", "dimensionality.T3", "dimensionality.T4", 
"balance.C1", "balance.C2", "network.Density", "network.ClsCoef", 
"network.Hubs", "ANN", "C4.5", "kNN", "SVM"))
