aux <-
structure(c(Inf, Inf, Inf, Inf, Inf, Inf, Inf, Inf, Inf, Inf, 
47.9809420826998, 51.1781725140858, 48.3728649029944, 46.5350301418244, 
48.7429559482849, 48.6506390601903, 51.6691609838603, 48.4815986839347, 
52.3767403656049, 49.6979750414956, 0, 0, 0, 0, 0, 0, 0, 0, 0, 
0, 0.321100917431193, 0.333333333333333, 0.342592592592593, 0.336448598130841, 
0.342592592592593, 0.361111111111111, 0.324074074074074, 0.324074074074074, 
0.314814814814815, 0.333333333333333, 1, 1, 1, 1, 1, 1, 1, 1, 
1, 1, 0.0642201834862385, 0.0648148148148148, 0.0648148148148148, 
0.0654205607476635, 0.0648148148148148, 0.0555555555555556, 0.0648148148148148, 
0.0648148148148148, 0.0648148148148148, 0.0648148148148148, 0.00905855710126167, 
0.0085794423362481, 0.00885177453027136, 0.00879921784730241, 
0.00915351024521327, 0.0090894202423845, 0.0085284415479926, 
0.0093126751277402, 0.00883951017760113, 0.00979253112033193, 
0, 0, 0, 0, 0, 0, 0, 0, 0, 0, 0.00917431192660551, 0.0555555555555556, 
0.0277777777777778, 0.0560747663551402, 0.0648148148148148, 0.0277777777777778, 
0.037037037037037, 0.0277777777777778, 0.0277777777777778, 0.00925925925925926, 
0.055045871559633, 0.0555555555555556, 0.0555555555555556, 0.0560747663551402, 
0.0555555555555556, 0.0555555555555556, 0.0555555555555556, 0.0555555555555556, 
0.0555555555555556, 0.0555555555555556, 0.204612406363101, 0.202331961591221, 
0.196416323731139, 0.20019215652022, 0.194101508916324, 0.208333333333333, 
0.205589849108368, 0.19718792866941, 0.207047325102881, 0.201560356652949, 
0, 0, 0, 0, 0, 0, 0, 0, 0, 0, 0, 0, 0, 0, 0, 0, 0, 0, 0, 0, 0.018348623853211, 
0.0092592592592593, 0, 0.0280373831775701, 0.0185185185185185, 
0.0185185185185185, 0.0462962962962963, 0, 0.0185185185185185, 
0.0092592592592593, 15.5714285714286, 15.4285714285714, 15.4285714285714, 
15.2857142857143, 15.4285714285714, 15.4285714285714, 15.4285714285714, 
15.4285714285714, 15.4285714285714, 15.4285714285714, 27.25, 
27, 27, 26.75, 27, 27, 27, 27, 27, 27, 0.571428571428571, 0.571428571428571, 
0.571428571428571, 0.571428571428571, 0.571428571428571, 0.571428571428571, 
0.571428571428571, 0.571428571428571, 0.571428571428571, 0.571428571428571, 
0.999939284770655, 0.999752610166192, 0.999752610166192, 0.99993699379669, 
0.999752610166192, 0.999752610166192, 0.999752610166192, 0.999752610166192, 
0.999752610166192, 0.999752610166192, 1.00016835016835, 1.00068610634648, 
1.00068610634648, 1.00017470300489, 1.00068610634648, 1.00068610634648, 
1.00068610634648, 1.00068610634648, 1.00068610634648, 1.00068610634648, 
0.160380564050289, 0.156282450674974, 0.156109380408446, 0.159583847645918, 
0.154378677743164, 0.158532364139841, 0.163897542402215, 0.156282450674974, 
0.160782277604708, 0.154205607476636, 0.877728426395939, 0.886595789034813, 
0.882303723330079, 0.888728024819028, 0.885228328449939, 0.854013144791874, 
0.876257105378225, 0.884881628132355, 0.872990983927871, 0.88275566966196, 
0.251376307563889, 0.245625238585937, 0.253290088285048, 0.261339233307373, 
0.2568977397833, 0.183708995765343, 0.174712594373482, 0.257490895871385, 
0.262525561013535, 0.254534698820172, 1, 1, 1, 1, 1, 1, 1, 1, 
1, 1, 1, 1, 1, 1, 1, 1, 1, 1, 1, 1, 1, 1, 1, 1, 1, 1, 1, 1, 1, 
1, 1, 1, 1, 1, 1, 1, 1, 1, 1, 1), .Dim = c(10L, 26L), .Dimnames = list(
    NULL, c("overlapping.F1", "overlapping.F1v", "overlapping.F2", 
    "overlapping.F3", "overlapping.F4", "neighborhood.N1", "neighborhood.N2", 
    "neighborhood.N3", "neighborhood.N4", "neighborhood.T1", 
    "neighborhood.LSCAvg", "linearity.L1", "linearity.L2", "linearity.L3", 
    "dimensionality.T2", "dimensionality.T3", "dimensionality.T4", 
    "balance.C1", "balance.C2", "network.Density", "network.ClsCoef", 
    "network.Hubs", "ANN", "C4.5", "kNN", "SVM")))
