aux <-
structure(c(Inf, 49.3686079724975, 0, 0.333347544148796, 1, 0.0638900003493161, 
0.00900050802763472, 0, 0.0343026856059524, 0.0555565082359218, 
0.201737314998895, 0, 0, 0.0166756377401151, 15.4285714285714, 
27, 0.571428571428571, 0.999789715989688, 1.00058319039451, 0.158043516282116, 
0.879148282392208, 0.240150135336946, 1, 1, 1, 1), .Names = c("overlapping.F1", 
"overlapping.F1v", "overlapping.F2", "overlapping.F3", "overlapping.F4", 
"neighborhood.N1", "neighborhood.N2", "neighborhood.N3", "neighborhood.N4", 
"neighborhood.T1", "neighborhood.LSCAvg", "linearity.L1", "linearity.L2", 
"linearity.L3", "dimensionality.T2", "dimensionality.T3", "dimensionality.T4", 
"balance.C1", "balance.C2", "network.Density", "network.ClsCoef", 
"network.Hubs", "ANN", "C4.5", "kNN", "SVM"))
