aux <-
structure(c(0.581214196288836, 2.52556406338038, 0.0832003756320358, 
0.0580278482799052, 0.0653270718744721, 0.226252847573072, 0.515570380189066, 
0.146943892872531, 0.122170611281839, 0.288579054089812, 0.00411610465775303, 
0.101160601245461, 0.106564430728247, 0.107523078421323, 94.6255813953488, 
4068.9, 0.0232558139534884, 0.515521745169266, 3.90389816713137, 
0.161060327426622, 0.459106848698473, 0.379768387890808, 0.879457012248725, 
0.89582185625818, 0.88100226611186, 0.892280079704624), .Names = c("overlapping.F1", 
"overlapping.F1v", "overlapping.F2", "overlapping.F3", "overlapping.F4", 
"neighborhood.N1", "neighborhood.N2", "neighborhood.N3", "neighborhood.N4", 
"neighborhood.T1", "neighborhood.LSCAvg", "linearity.L1", "linearity.L2", 
"linearity.L3", "dimensionality.T2", "dimensionality.T3", "dimensionality.T4", 
"balance.C1", "balance.C2", "network.Density", "network.ClsCoef", 
"network.Hubs", "ANN", "C4.5", "kNN", "SVM"))
