aux <-
structure(c(0.587881119355572, 0.577980687026688, 0.605154153959695, 
0.576838995881116, 0.612997201515421, 0.570040820677802, 0.542335480062848, 
0.557757457874498, 0.584590111606067, 0.596565934928652, 2.50578842593957, 
2.5469261443811, 2.54320867469061, 2.53163816932427, 2.66594075660355, 
2.44418755363539, 2.51671941087827, 2.50080812867955, 2.48511808015547, 
2.51530528951602, 0.05702150602507, 0.0819684149110381, 0.0805918004218421, 
0.0796136653176829, 0.0780856743817249, 0.0797945672372448, 0.0597152312384805, 
0.0819684149110381, 0.0819684149110381, 0.151276066965198, 0.04669451953797, 
0.0479233226837061, 0.1531465093412, 0.0484148439420005, 0.0484148439420005, 
0.0469402801671172, 0.045465716392234, 0.0476775620545589, 0.0486606045711477, 
0.0469402801671172, 0.0565249447038584, 0.054804620299828, 0.158554572271386, 
0.0550503809289752, 0.054804620299828, 0.0565249447038584, 0.0550503809289752, 
0.0540673384123863, 0.0552961415581224, 0.0525927746375031, 0.228557385106906, 
0.225854018186287, 0.228367748279253, 0.227574342590317, 0.222659130007373, 
0.224133693782256, 0.224133693782256, 0.228065863848611, 0.229540427623495, 
0.223642172523962, 0.516101322233324, 0.512402334428981, 0.520438408922171, 
0.521020723546326, 0.504807210626143, 0.518283269097751, 0.516030364462949, 
0.515929401687625, 0.511190707554442, 0.519500059330943, 0.146719095600885, 
0.144753010567707, 0.147000983284169, 0.15065126566724, 0.14622757434259, 
0.144261489309413, 0.147947898746621, 0.146719095600885, 0.14893094126321, 
0.14622757434259, 0.130498894077169, 0.124600638977636, 0.122173058013766, 
0.119931187023839, 0.12509216023593, 0.11894814450725, 0.119439665765544, 
0.128287048414844, 0.116244777586631, 0.116490538215778, 0.295404276234947, 
0.2863111329565, 0.281710914454277, 0.289997542393709, 0.283362005406734, 
0.287785696731384, 0.291717866797739, 0.28901449987712, 0.288768739247972, 
0.291717866797739, 0.0040518190725831, 0.00411499568061652, 0.00400770480977754, 
0.00408739366353117, 0.00441306122616616, 0.00401757324394548, 
0.00412822290543422, 0.00416736099530578, 0.00411221735942193, 
0.00406069762074841, 0.0880330274319206, 0.0877354955530021, 
0.106591331313419, 0.107715362677369, 0.106056905339259, 0.107358179617706, 
0.106836465863055, 0.106080486543439, 0.0895532513643358, 0.1056455067511, 
0.106660113049889, 0.105922831162448, 0.106686332350049, 0.107888916195625, 
0.106168591791595, 0.107397394937331, 0.106905873679037, 0.106168591791595, 
0.106168591791595, 0.105677070533301, 0.105185549275006, 0.101499139837798, 
0.114060963618486, 0.120176947652986, 0.107151634308184, 0.107397394937331, 
0.100761857950356, 0.107151634308184, 0.106905873679037, 0.104939788645859, 
94.6279069767442, 94.6279069767442, 94.6046511627907, 94.6279069767442, 
94.6279069767442, 94.6279069767442, 94.6279069767442, 94.6279069767442, 
94.6279069767442, 94.6279069767442, 4069, 4069, 4068, 4069, 4069, 
4069, 4069, 4069, 4069, 4069, 0.0232558139534884, 0.0232558139534884, 
0.0232558139534884, 0.0232558139534884, 0.0232558139534884, 0.0232558139534884, 
0.0232558139534884, 0.0232558139534884, 0.0232558139534884, 0.0232558139534884, 
0.515585727238605, 0.515585727238605, 0.514945906545217, 0.515585727238605, 
0.515585727238605, 0.515585727238605, 0.515585727238605, 0.515585727238605, 
0.515585727238605, 0.515585727238605, 3.90309198057332, 3.90309198057332, 
3.91115384615385, 3.90309198057332, 3.90309198057332, 3.90309198057332, 
3.90309198057332, 3.90309198057332, 3.90309198057332, 3.90309198057332, 
0.160942280566811, 0.161281923206207, 0.161250383509839, 0.161172454607383, 
0.161172817086188, 0.160995685777274, 0.160909536648178, 0.160907482601622, 
0.160830757921431, 0.161139952341287, 0.458712968969999, 0.459744306182086, 
0.459525558674812, 0.46067730650557, 0.457206979600282, 0.460068869715787, 
0.456966088060514, 0.459409136843194, 0.459000213338187, 0.459757059094301, 
0.375527577263072, 0.380184790762502, 0.376408173331713, 0.378299498999002, 
0.381788008653669, 0.377545489723998, 0.379583425250283, 0.382915381535536, 
0.38025211797599, 0.385179415412314, 0.889380530973451, 0.882743362831858, 
0.854304635761589, 0.891592920353982, 0.867256637168142, 0.926991150442478, 
0.880530973451327, 0.851769911504425, 0.856194690265487, 0.893805309734513, 
0.904867256637168, 0.896017699115044, 0.885209713024283, 0.896017699115044, 
0.893805309734513, 0.902654867256637, 0.893805309734513, 0.898230088495575, 
0.902654867256637, 0.884955752212389, 0.904867256637168, 0.873893805309734, 
0.869757174392936, 0.878318584070796, 0.869469026548673, 0.884955752212389, 
0.880530973451327, 0.882743362831858, 0.878318584070796, 0.88716814159292, 
0.891592920353982, 0.893805309734513, 0.894039735099338, 0.891592920353982, 
0.88716814159292, 0.907079646017699, 0.884955752212389, 0.889380530973451, 
0.896017699115044, 0.88716814159292), .Dim = c(10L, 26L), .Dimnames = list(
    NULL, c("overlapping.F1", "overlapping.F1v", "overlapping.F2", 
    "overlapping.F3", "overlapping.F4", "neighborhood.N1", "neighborhood.N2", 
    "neighborhood.N3", "neighborhood.N4", "neighborhood.T1", 
    "neighborhood.LSCAvg", "linearity.L1", "linearity.L2", "linearity.L3", 
    "dimensionality.T2", "dimensionality.T3", "dimensionality.T4", 
    "balance.C1", "balance.C2", "network.Density", "network.ClsCoef", 
    "network.Hubs", "ANN", "C4.5", "kNN", "SVM")))
