aux <-
structure(c(4.99590432223682, 7.641121134171, 0.11237016419245, 
0.439797268935703, 0.967669385690396, 0.5943437383352, 0.938889763396562, 
0.456983249346771, 0.177153088839119, 0.887848777528929, 0.0250037836199225, 
0.0811328941236431, 0.092451665616595, 0.0912123846679512, 10.6, 
10.7319444444445, 0.988888888888889, 0.91680455656607, 1.14074494460564, 
0.0802622849161338, 0.480616265574534, 0.185398897143586, 0.438787878787879, 
0.557121212121212, 0.521515151515151, 0.520606060606061), .Names = c("overlapping.F1", 
"overlapping.F1v", "overlapping.F2", "overlapping.F3", "overlapping.F4", 
"neighborhood.N1", "neighborhood.N2", "neighborhood.N3", "neighborhood.N4", 
"neighborhood.T1", "neighborhood.LSCAvg", "linearity.L1", "linearity.L2", 
"linearity.L3", "dimensionality.T2", "dimensionality.T3", "dimensionality.T4", 
"balance.C1", "balance.C2", "network.Density", "network.ClsCoef", 
"network.Hubs", "ANN", "C4.5", "kNN", "SVM"))
