aux <-
structure(c(4.02557578469841, 5.72171355554394, 4.34213663114923, 
3.97249917446177, 4.11301531689292, 4.6586820497173, 4.24056950463832, 
7.72374310919443, 6.79960646367746, 4.36150163239439, 7.52191968178639, 
8.61327992871933, 7.0747962247984, 6.31776028132291, 6.94523990188054, 
6.9116719956008, 6.46730204228439, 8.99751269323223, 11.1592409433514, 
6.40248764873363, 0.111013169610504, 0.092511283029114, 0.118874227067067, 
0.129313498869834, 0.133477113112062, 0.106508444957499, 0.13141829950988, 
0.0811193844587009, 0.0906851554174453, 0.128781065892396, 0.434214558962543, 
0.426152505511058, 0.4258473244042, 0.416018344472292, 0.40600934762119, 
0.445183273719458, 0.424262127135111, 0.507330007582024, 0.493499495144232, 
0.419455704804923, 0.976017131763099, 0.991452991452991, 0.951033497722802, 
0.937865497076023, 0.960435976060976, 0.980101495726496, 0.95432528194625, 
0.978257275132275, 0.98989898989899, 0.957305720124056, 0.621052631578947, 
0.489583333333333, 0.574468085106383, 0.631578947368421, 0.635416666666667, 
0.604166666666667, 0.610526315789474, 0.557894736842105, 0.614583333333333, 
0.604166666666667, 0.935286871344105, 0.893605393066373, 0.918098451614536, 
0.953166046441539, 0.956286291353023, 0.961393135106022, 0.944325632621154, 
0.925843881990092, 0.949228100844594, 0.951663829584181, 0.473684210526316, 
0.364583333333333, 0.436170212765957, 0.484210526315789, 0.520833333333333, 
0.46875, 0.452631578947368, 0.421052631578947, 0.458333333333333, 
0.489583333333333, 0.126315789473684, 0.177083333333333, 0.180851063829787, 
0.242105263157895, 0.15625, 0.177083333333333, 0.157894736842105, 
0.178947368421053, 0.208333333333333, 0.166666666666667, 0.863157894736842, 
0.833333333333333, 0.904255319148936, 0.894736842105263, 0.895833333333333, 
0.916666666666667, 0.873684210526316, 0.894736842105263, 0.885416666666667, 
0.916666666666667, 0.0257063711911357, 0.0290798611111111, 0.0273879583521956, 
0.0239335180055402, 0.0232204861111111, 0.0238715277777778, 0.0243767313019391, 
0.0251523545706371, 0.0236545138888889, 0.0236545138888889, 0.0623849444636631, 
0.0697129821247278, 0.0832254219704613, 0.0967419017594542, 0.0894388909998838, 
0.0925587928312482, 0.0918703115931896, 0.074943660257552, 0.0596939156961062, 
0.0907581195401443, 0.0816544566544567, 0.0781232960509276, 0.0964131879878909, 
0.100603070175439, 0.0974772364574996, 0.100160712825187, 0.103567859112214, 
0.078541026625704, 0.0805745028606871, 0.107401307415944, 0.072379298941799, 
0.0715199456975773, 0.0912945446052407, 0.0981664230019493, 0.0793247322852586, 
0.122231949945766, 0.0946832904998228, 0.102518561187916, 0.0592180419483051, 
0.120787058565877, 10.5555555555556, 10.6666666666667, 10.4444444444444, 
10.5555555555556, 10.6666666666667, 10.6666666666667, 10.5555555555556, 
10.5555555555556, 10.6666666666667, 10.6666666666667, 11.875, 
10.6666666666667, 10.4444444444444, 10.5555555555556, 10.6666666666667, 
10.6666666666667, 10.5555555555556, 10.5555555555556, 10.6666666666667, 
10.6666666666667, 0.888888888888889, 1, 1, 1, 1, 1, 1, 1, 1, 
1, 0.914487141629314, 0.920242228438439, 0.912104070841206, 0.91786489328794, 
0.920242228438439, 0.920242228438439, 0.914487141629314, 0.914487141629314, 
0.920242228438439, 0.913646262889857, 1.14299255846917, 1.13451862025102, 
1.14975609756098, 1.1409612625538, 1.13451862025102, 1.13451862025102, 
1.14299255846917, 1.14299255846917, 1.13451862025102, 1.14967992952998, 
0.0815229563269877, 0.0817982456140351, 0.0789293067947838, 0.0810750279955207, 
0.0785087719298246, 0.0809210526315789, 0.0783874580067189, 0.0857782754759238, 
0.0802631578947368, 0.0754385964912281, 0.490280065897858, 0.500161238310223, 
0.49890350877193, 0.500972762645914, 0.467116956985425, 0.468063872255489, 
0.455037919826652, 0.490658499234303, 0.470466321243523, 0.464501510574018, 
0.171898407889859, 0.18404598522828, 0.170641011033925, 0.176948916717383, 
0.17294690247419, 0.21047984787494, 0.198709437174391, 0.202014539268183, 
0.197313860518318, 0.168990063256386, 0.272727272727273, 0.4, 
0.333333333333333, 0.545454545454545, 0.6, 0.7, 0.363636363636364, 
0.272727272727273, 0.4, 0.5, 0.636363636363636, 0.3, 0.416666666666667, 
0.545454545454545, 0.7, 0.4, 0.909090909090909, 0.363636363636364, 
0.5, 0.8, 0.454545454545455, 0.2, 0.333333333333333, 0.545454545454545, 
0.7, 0.7, 0.727272727272727, 0.454545454545455, 0.5, 0.6, 0.454545454545455, 
0.3, 0.333333333333333, 0.818181818181818, 0.6, 0.5, 0.545454545454545, 
0.454545454545455, 0.4, 0.8), .Dim = c(10L, 26L), .Dimnames = list(
    NULL, c("overlapping.F1", "overlapping.F1v", "overlapping.F2", 
    "overlapping.F3", "overlapping.F4", "neighborhood.N1", "neighborhood.N2", 
    "neighborhood.N3", "neighborhood.N4", "neighborhood.T1", 
    "neighborhood.LSCAvg", "linearity.L1", "linearity.L2", "linearity.L3", 
    "dimensionality.T2", "dimensionality.T3", "dimensionality.T4", 
    "balance.C1", "balance.C2", "network.Density", "network.ClsCoef", 
    "network.Hubs", "ANN", "C4.5", "kNN", "SVM")))
