aux <-
structure(c(Inf, Inf, Inf, Inf, Inf, Inf, Inf, Inf, Inf, Inf, 
5.02083317463889, 5.03656839016558, 4.46712301708664, 4.11522831187252, 
4.46877309536492, 3.89685420518137, 4.65933183391615, 4.50761188498718, 
4.73755294866282, 4.22071649548166, 0.00134931442021144, 0.00802171496249362, 
0.0258487234386974, 0.00984179307182742, 0.0039172135810403, 
0.0112146171347058, 0.006697783023224, 0.00854926994090583, 0.00843668641960523, 
0.0059093661363669, 0.195601763870921, 0.187762925665082, 0.204225106754836, 
0.204922148397628, 0.215354708086601, 0.212905504870296, 0.201391583134487, 
0.199214250914459, 0.208601856403862, 0.228390819257241, 0.583180595655315, 
0.608372683248578, 0.560438776712225, 0.594048644039239, 0.635428158975587, 
0.569221508431354, 0.597323026329281, 0.602914185689419, 0.578343563159967, 
0.602164949994032, 0.520754716981132, 0.492424242424242, 0.49811320754717, 
0.503759398496241, 0.513207547169811, 0.520754716981132, 0.496212121212121, 
0.53030303030303, 0.50188679245283, 0.517110266159696, 0.82858766189262, 
0.832326916306776, 0.84750311194959, 0.842833979100153, 0.820397673085421, 
0.834191872243948, 0.794865502461096, 0.859074927054686, 0.708855180975564, 
0.819976908831698, 0.433962264150943, 0.412878787878788, 0.381132075471698, 
0.398496240601504, 0.415094339622642, 0.426415094339623, 0.397727272727273, 
0.431818181818182, 0.407547169811321, 0.44106463878327, 0.211320754716981, 
0.231060606060606, 0.215094339622642, 0.229323308270677, 0.233962264150943, 
0.218867924528302, 0.234848484848485, 0.189393939393939, 0.279245283018868, 
0.197718631178707, 0.592452830188679, 0.590909090909091, 0.577358490566038, 
0.597744360902256, 0.592452830188679, 0.59622641509434, 0.553030303030303, 
0.587121212121212, 0.569811320754717, 0.555133079847909, 0.0381915272338911, 
0.0332587235996327, 0.032751868992524, 0.031926621063938, 0.039871840512638, 
0.0337913848344607, 0.0368170339761249, 0.0342917814508724, 0.0543253826984692, 
0.0377625815032746, 0.105421973643343, 0.121641599922728, 0.127005796295741, 
0.118849845150616, 0.119499280738695, 0.129930984635178, 0.127727748039063, 
0.112621947361497, 0.11994392190427, 0.113902017295629, 0.154411071336836, 
0.146435715160202, 0.135381591114083, 0.163390811080196, 0.128800017209709, 
0.177091700674096, 0.163897191967142, 0.139628696517649, 0.141838207855109, 
0.165578549241295, 0.137050218625511, 0.157972211140097, 0.150405674455849, 
0.150284163110825, 0.176844434429077, 0.155356979324309, 0.153090781086549, 
0.132673155860823, 0.154177665653872, 0.154834279862442, 20.3846153846154, 
20.3076923076923, 20.3846153846154, 20.4615384615385, 20.3846153846154, 
20.3846153846154, 20.3076923076923, 20.3076923076923, 20.3846153846154, 
20.2307692307692, 132.5, 132, 132.5, 133, 132.5, 132.5, 88, 132, 
132.5, 131.5, 0.153846153846154, 0.153846153846154, 0.153846153846154, 
0.153846153846154, 0.153846153846154, 0.153846153846154, 0.230769230769231, 
0.153846153846154, 0.153846153846154, 0.153846153846154, 0.709491298193005, 
0.706481039875006, 0.709491298193005, 0.707044026274152, 0.70735989113604, 
0.707999734680981, 0.704983826501193, 0.704341559306461, 0.704858422073678, 
0.702146922928699, 1.7297493338517, 1.7422741651086, 1.7297493338517, 
1.73706020689773, 1.73035347547796, 1.73009361654691, 1.7426213776718, 
1.74288358333631, 1.74935995594549, 1.75538076114812, 0.110548885077187, 
0.111245535199908, 0.114379645511721, 0.11329266562633, 0.108604917095483, 
0.110405946255003, 0.113809194607674, 0.110813457771633, 0.111406518010292, 
0.1134879400923, 0.706702234929225, 0.673096661620179, 0.632250843782243, 
0.648735813144724, 0.686766338832487, 0.691593872479955, 0.695231012137358, 
0.684381315094046, 0.682033194232486, 0.689985286174592, 0.264429668841059, 
0.272165648262425, 0.28944448545545, 0.281537271266531, 0.268090512257516, 
0.302389976999946, 0.268511549876469, 0.263679766786203, 0.302920907101681, 
0.273368932314045, 0.655172413793103, 0.566666666666667, 0.620689655172414, 
0.714285714285714, 0.655172413793103, 0.586206896551724, 0.633333333333333, 
0.666666666666667, 0.586206896551724, 0.580645161290323, 0.689655172413793, 
0.7, 0.689655172413793, 0.678571428571429, 0.655172413793103, 
0.689655172413793, 0.6, 0.666666666666667, 0.551724137931034, 
0.645161290322581, 0.655172413793103, 0.566666666666667, 0.620689655172414, 
0.678571428571429, 0.758620689655172, 0.620689655172414, 0.533333333333333, 
0.533333333333333, 0.517241379310345, 0.67741935483871, 0.724137931034483, 
0.633333333333333, 0.689655172413793, 0.75, 0.724137931034483, 
0.655172413793103, 0.633333333333333, 0.7, 0.655172413793103, 
0.645161290322581), .Dim = c(10L, 26L), .Dimnames = list(NULL, 
    c("overlapping.F1", "overlapping.F1v", "overlapping.F2", 
    "overlapping.F3", "overlapping.F4", "neighborhood.N1", "neighborhood.N2", 
    "neighborhood.N3", "neighborhood.N4", "neighborhood.T1", 
    "neighborhood.LSCAvg", "linearity.L1", "linearity.L2", "linearity.L3", 
    "dimensionality.T2", "dimensionality.T3", "dimensionality.T4", 
    "balance.C1", "balance.C2", "network.Density", "network.ClsCoef", 
    "network.Hubs", "ANN", "C4.5", "kNN", "SVM")))
