aux <-
structure(c(Inf, 4.51305933573577, 0.00897864821290779, 0.205837066735541, 
0.5931436092235, 0.509452603972741, 0.818861373390155, 0.414613606520524, 
0.224083553579015, 0.581223993360322, 0.0372988745865826, 0.119654511498676, 
0.151645355215632, 0.152268956354935, 20.3538461538462, 127.9, 
0.161538461538462, 0.706419801916222, 1.73895258098363, 0.111799470524753, 
0.67907765724273, 0.278653871916133, 0.626504581810477, 0.656626145452619, 
0.616173790984692, 0.681010381905821), .Names = c("overlapping.F1", 
"overlapping.F1v", "overlapping.F2", "overlapping.F3", "overlapping.F4", 
"neighborhood.N1", "neighborhood.N2", "neighborhood.N3", "neighborhood.N4", 
"neighborhood.T1", "neighborhood.LSCAvg", "linearity.L1", "linearity.L2", 
"linearity.L3", "dimensionality.T2", "dimensionality.T3", "dimensionality.T4", 
"balance.C1", "balance.C2", "network.Density", "network.ClsCoef", 
"network.Hubs", "ANN", "C4.5", "kNN", "SVM"))
