aux <-
structure(c(0.00381708694121986, 0.837900639229567, 0.000432096512593238, 
0.00614241626653437, 0.721486137623088, 0.56398994273413, 0.921497414006562, 
0.351853194191004, 0.471399019500669, 0.794005079087446, 0.0021749002550382, 
0.267259063275154, 0.404932012546355, 0.452605134587408, 10.908, 
1090.8, 0.01, 0.999929192132059, 1.00019633723808, 0.101264086578644, 
0.774487638976356, 0.252916942833507, 0.544546809375423, 0.504945129386262, 
0.655907058664138, 0.518134399132909), .Names = c("overlapping.F1", 
"overlapping.F1v", "overlapping.F2", "overlapping.F3", "overlapping.F4", 
"neighborhood.N1", "neighborhood.N2", "neighborhood.N3", "neighborhood.N4", 
"neighborhood.T1", "neighborhood.LSCAvg", "linearity.L1", "linearity.L2", 
"linearity.L3", "dimensionality.T2", "dimensionality.T3", "dimensionality.T4", 
"balance.C1", "balance.C2", "network.Density", "network.ClsCoef", 
"network.Hubs", "ANN", "C4.5", "kNN", "SVM"))
