aux <-
structure(c(0.00228136935148109, 0.00399249228171161, 0.00153945645251203, 
0.00375167071602253, 0.00285399582385123, 0.00435378872096696, 
0.00244471263681236, 0.00368702337859113, 0.00945631299863818, 
0.00381004705161146, 0.824199285888088, 0.858763799913151, 0.831861119044414, 
0.827322876332058, 0.845698356989064, 0.821344066714629, 0.837696706665982, 
0.836292082152049, 0.855795087163323, 0.840033011432912, 0.000370646967428514, 
8.94427023043111e-06, 6.70339866499378e-05, 0.000159191104861943, 
0.00261949374962358, 0.000167581094706809, 0.000159186978106195, 
0.000159190644572262, 0.000450505502011321, 0.000159190827741388, 
0.00641613198900092, 0.00549954170485793, 0.00549954170485793, 
0.00641613198900092, 0.00549954170485793, 0.00641613198900092, 
0.0073394495412844, 0.00642201834862385, 0.00641613198900092, 
0.00549954170485793, 0.740604949587534, 0.736938588450962, 0.730522456461961, 
0.709440879926673, 0.745187901008249, 0.725939505041247, 0.699082568807339, 
0.714678899082569, 0.703024747937672, 0.709440879926673, 0.571035747021082, 
0.566452795600367, 0.56736938588451, 0.560036663611366, 0.56736938588451, 
0.568285976168653, 0.570642201834862, 0.559633027522936, 0.549954170485793, 
0.559120073327223, 0.903082450855997, 0.935516374094956, 0.911558994915421, 
0.932380435256286, 0.931838497110824, 0.905013536556635, 0.91840329353678, 
0.959693863475437, 0.902607261586964, 0.914879432676325, 0.366636113657195, 
0.351054078826764, 0.34647112740605, 0.349220898258478, 0.34647112740605, 
0.34647112740605, 0.356880733944954, 0.361467889908257, 0.339138405132906, 
0.354720439963336, 0.461044912923923, 0.484876260311641, 0.433547204399633, 
0.448212648945921, 0.476626947754354, 0.476626947754354, 0.477981651376147, 
0.485321100917431, 0.472043996333639, 0.497708524289643, 0.802016498625115, 
0.793767186067828, 0.794683776351971, 0.794683776351971, 0.791017415215399, 
0.792850595783685, 0.800917431192661, 0.794495412844037, 0.77910174152154, 
0.796516956920257, 0.00213731043341866, 0.00220788200433343, 
0.00215663360164533, 0.00221964393281922, 0.00218771869835778, 
0.00218015745861691, 0.00217658446258732, 0.00214460062284319, 
0.00220452145333749, 0.00213394988242272, 0.257157289132099, 
0.282753582620986, 0.254043840465141, 0.254820177168218, 0.257622318832679, 
0.281327012957444, 0.241105115817436, 0.25751597701316, 0.311428968469489, 
0.274816350274886, 0.403299725022915, 0.408799266727773, 0.406966086159487, 
0.400549954170486, 0.404216315307058, 0.408799266727773, 0.401834862385321, 
0.406422018348624, 0.406049495875344, 0.402383134738772, 0.442713107241063, 
0.437213565536205, 0.471127406049496, 0.449129239230064, 0.47846012832264, 
0.425297891842346, 0.436697247706422, 0.485321100917431, 0.45096241979835, 
0.449129239230064, 10.91, 10.91, 10.91, 10.91, 10.91, 10.91, 
10.9, 10.9, 10.91, 10.91, 1091, 1091, 1091, 1091, 1091, 1091, 
1090, 1090, 1091, 1091, 0.01, 0.01, 0.01, 0.01, 0.01, 0.01, 0.01, 
0.01, 0.01, 0.01, 0.99992666897241, 0.99992666897241, 0.99992666897241, 
0.99992666897241, 0.99992666897241, 0.99992666897241, 0.999939284770655, 
0.999939284770655, 0.99992666897241, 0.99992666897241, 1.00020333400551, 
1.00020333400551, 1.00020333400551, 1.00020333400551, 1.00020333400551, 
1.00020333400551, 1.00016835016835, 1.00016835016835, 1.00020333400551, 
1.00020333400551, 0.100893885754169, 0.101351339987723, 0.101284067306318, 
0.101255476416721, 0.101159612845719, 0.101186521918281, 0.10160318784172, 
0.101328548200942, 0.101356385438828, 0.101221840076018, 0.773993927117263, 
0.775011454287534, 0.77348506703058, 0.774328865077316, 0.773754216958269, 
0.773167845802928, 0.77424063309943, 0.774899134890159, 0.776964238533828, 
0.775031006966249, 0.28193827637072, 0.232446962790866, 0.24765460049931, 
0.258026751292743, 0.229700234560985, 0.211612209474564, 0.27868508679841, 
0.273170496623548, 0.246810695909457, 0.269124114014465, 0.520661157024793, 
0.56198347107438, 0.545454545454545, 0.586776859504132, 0.537190082644628, 
0.553719008264463, 0.516393442622951, 0.581967213114754, 0.528925619834711, 
0.512396694214876, 0.504132231404959, 0.504132231404959, 0.504132231404959, 
0.504132231404959, 0.504132231404959, 0.504132231404959, 0.508196721311475, 
0.508196721311475, 0.504132231404959, 0.504132231404959, 0.669421487603306, 
0.59504132231405, 0.685950413223141, 0.677685950413223, 0.652892561983471, 
0.652892561983471, 0.639344262295082, 0.713114754098361, 0.669421487603306, 
0.603305785123967, 0.56198347107438, 0.479338842975207, 0.56198347107438, 
0.520661157024793, 0.520661157024793, 0.504132231404959, 0.524590163934426, 
0.532786885245902, 0.487603305785124, 0.487603305785124), .Dim = c(10L, 
26L), .Dimnames = list(NULL, c("overlapping.F1", "overlapping.F1v", 
"overlapping.F2", "overlapping.F3", "overlapping.F4", "neighborhood.N1", 
"neighborhood.N2", "neighborhood.N3", "neighborhood.N4", "neighborhood.T1", 
"neighborhood.LSCAvg", "linearity.L1", "linearity.L2", "linearity.L3", 
"dimensionality.T2", "dimensionality.T3", "dimensionality.T4", 
"balance.C1", "balance.C2", "network.Density", "network.ClsCoef", 
"network.Hubs", "ANN", "C4.5", "kNN", "SVM")))
