aux <-
structure(c(2.3909305817296, 2.3939474446296, 2.4831046441751, 
2.3497490076884, 2.53749644274095, 2.38410437136183, 2.59114409926191, 
2.38190660806694, 2.4795183623283, 2.548188730487, 3.52479839007572, 
3.53541569378686, 3.60210352555593, 3.45473317618569, 3.52245694447741, 
3.54488146675554, 3.46136439545733, 3.48021630661309, 3.59411894947796, 
3.62616271740872, 6.29614735296386e-05, 5.81319008719965e-05, 
5.13045603800092e-05, 5.55077792012864e-05, 6.10940659842852e-05, 
0.000425502518371226, 6.0516800733189e-05, 6.18589344167171e-05, 
6.04326878252267e-05, 5.82659555289371e-05, 0.148760330578512, 
0.152892561983471, 0.18300803673938, 0.14833524684271, 0.150631458094145, 
0.158208955223881, 0.14833524684271, 0.150436380339917, 0.150861079219288, 
0.175200918484501, 0.343893480257117, 0.347796143250689, 0.390355912743972, 
0.353846153846154, 0.348794489092997, 0.353157290470723, 0.348105625717566, 
0.346118511713367, 0.350861079219288, 0.366704936854191, 0.0837924701561065, 
0.082415059687787, 0.0861079219288175, 0.0890929965556831, 0.0824339839265212, 
0.0665901262916188, 0.0833524684270953, 0.081534221405604, 0.0845005740528129, 
0.0835820895522388, 0.333607688878626, 0.330849131150456, 0.326521790150686, 
0.335549315857502, 0.332559497456803, 0.310162727096775, 0.327733628744437, 
0.33161818841821, 0.328942730880143, 0.331479586028601, 0.0459136822773186, 
0.0470615243342516, 0.0486796785304248, 0.0521239954075775, 0.0473019517795637, 
0.0330654420206659, 0.0470723306544202, 0.0470831419384474, 0.0486796785304248, 
0.0484500574052813, 0.0601469237832874, 0.066574839302112, 0.0617680826636051, 
0.0622273249138921, 0.0610792192881745, 0.0564867967853043, 0.0567164179104478, 
0.0652273771244832, 0.0590126291618829, 0.0652123995407577, 0.176767676767677, 
0.171258034894399, 0.173134328358209, 0.175889781859931, 0.175430539609644, 
0.146039035591274, 0.172904707233065, 0.172944418925126, 0.173593570608496, 
0.172215843857635, 0.0172533098747724, 0.0177445947074046, 0.0182781579165903, 
0.0166501415030298, 0.0173992705377115, 0.0226176017378444, 0.017965915367084, 
0.0173651692043325, 0.0179450359260836, 0.0176101212562991, 0.020046247167166, 
0.0209410368753011, 0.0195826755438772, 0.0204571719131044, 0.0207184897626951, 
0.021135176064336, 0.0201261137079474, 0.0216978431014131, 0.0202465332279301, 
0.020353980573944, 0.0369605142332415, 0.0397153351698806, 0.0369690011481056, 
0.0390355912743973, 0.0388059701492537, 0.0367393800229621, 0.0397244546498278, 
0.0408819476343593, 0.0378874856486797, 0.0385763490241102, 0.0929752066115702, 
0.088613406795225, 0.0920780711825488, 0.0985074626865672, 0.0893226176808266, 
0.0904707233065442, 0.0838117106773824, 0.0875057418465779, 0.0842709529276694, 
0.0943742824339839, 871.2, 871.2, 871, 871, 871, 871, 871, 870.8, 
871, 871, 2178, 2178, 2177.5, 2177.5, 2177.5, 2177.5, 2177.5, 
2177, 2177.5, 2177.5, 0.4, 0.4, 0.4, 0.4, 0.4, 0.4, 0.4, 0.4, 
0.4, 0.4, 0.30293913309094, 0.30293913309094, 0.302990320277601, 
0.302990320277601, 0.302990320277601, 0.302990320277601, 0.302990320277601, 
0.302091868735448, 0.302990320277601, 0.302990320277601, 8.79659760334973, 
8.79659760334973, 8.79447686428424, 8.79447686428424, 8.79447686428424, 
8.79447686428424, 8.79447686428424, 8.83181686167123, 8.79447686428424, 
8.79447686428424, 0.177070675442453, 0.176987387706519, 0.177476772879182, 
0.177381528103801, 0.177053603400966, 0.176787698551868, 0.177564212434875, 
0.176945534951212, 0.1772801657238, 0.176938634624482, 0.550093392235597, 
0.550619448698836, 0.549569282534673, 0.550495807551967, 0.551491316785694, 
0.570084139125405, 0.55039790813075, 0.550967309983492, 0.550605573426217, 
0.552257555414853, 0.482760525107602, 0.484055796935769, 0.49247042291812, 
0.490799609367279, 0.493670258144272, 0.476917074471968, 0.48781135756961, 
0.488986401945117, 0.487358494020651, 0.491855821664586, 0.987577639751553, 
0.987577639751553, 0.966942148760331, 0.985537190082645, 0.981404958677686, 
0.987603305785124, 0.987603305785124, 0.991752577319588, 0.983471074380165, 
0.985537190082645, 0.979296066252588, 0.977225672877847, 0.981404958677686, 
0.981404958677686, 0.985537190082645, 0.981404958677686, 0.979338842975207, 
0.989690721649485, 0.977272727272727, 0.985537190082645, 0.971014492753623, 
0.968944099378882, 0.96900826446281, 0.979338842975207, 0.977272727272727, 
0.977272727272727, 0.952479338842975, 0.971134020618557, 0.962809917355372, 
0.973140495867769, 0.977225672877847, 0.966873706004141, 0.975206611570248, 
0.985537190082645, 0.989669421487603, 0.987603305785124, 0.983471074380165, 
0.987628865979381, 0.979338842975207, 0.979338842975207), .Dim = c(10L, 
26L), .Dimnames = list(NULL, c("overlapping.F1", "overlapping.F1v", 
"overlapping.F2", "overlapping.F3", "overlapping.F4", "neighborhood.N1", 
"neighborhood.N2", "neighborhood.N3", "neighborhood.N4", "neighborhood.T1", 
"neighborhood.LSCAvg", "linearity.L1", "linearity.L2", "linearity.L3", 
"dimensionality.T2", "dimensionality.T3", "dimensionality.T4", 
"balance.C1", "balance.C2", "network.Density", "network.ClsCoef", 
"network.Hubs", "ANN", "C4.5", "kNN", "SVM")))
