aux <-
structure(c(2.45400902924696, 3.53462515657943, 9.55576676842512e-05, 
0.156667021434852, 0.354963362316606, 0.0823401911984285, 0.328902428466224, 
0.0465431482878376, 0.0614452010473947, 0.171017793770546, 0.0180829318031152, 
0.0205305267937714, 0.0385296028954818, 0.0901930176148896, 871.02, 
2177.55, 0.4, 0.302890237686053, 8.79863501183604, 0.177148621381916, 
0.552658173388748, 0.487668576214497, 0.984500703037641, 0.98181132872262, 
0.970241492680065, 0.981189353411757), .Names = c("overlapping.F1", 
"overlapping.F1v", "overlapping.F2", "overlapping.F3", "overlapping.F4", 
"neighborhood.N1", "neighborhood.N2", "neighborhood.N3", "neighborhood.N4", 
"neighborhood.T1", "neighborhood.LSCAvg", "linearity.L1", "linearity.L2", 
"linearity.L3", "dimensionality.T2", "dimensionality.T3", "dimensionality.T4", 
"balance.C1", "balance.C2", "network.Density", "network.ClsCoef", 
"network.Hubs", "ANN", "C4.5", "kNN", "SVM"))
