aux <-
structure(c(4.16787860121467, 2.33876937424408, 3.53325985457053e-19, 
0.30838800008102, 1, 0.385767222521224, 0.821119522264412, 0.290471232139447, 
0.0412000642372264, 0.762369478347425, 0.0503253888346798, 0.0763093073834203, 
0.0994679016418109, 0.117322371048109, 5.46136363636364, 10.4478260869565, 
0.522727272727273, 0.733734271942548, 2.05718694080002, 0.161827489637498, 
0.457759301518275, 0.360072630878486, 0.782600732600733, 0.779822954822955, 
0.719993894993895, 0.793966218966219), .Names = c("overlapping.F1", 
"overlapping.F1v", "overlapping.F2", "overlapping.F3", "overlapping.F4", 
"neighborhood.N1", "neighborhood.N2", "neighborhood.N3", "neighborhood.N4", 
"neighborhood.T1", "neighborhood.LSCAvg", "linearity.L1", "linearity.L2", 
"linearity.L3", "dimensionality.T2", "dimensionality.T3", "dimensionality.T4", 
"balance.C1", "balance.C2", "network.Density", "network.ClsCoef", 
"network.Hubs", "ANN", "C4.5", "kNN", "SVM"))
