aux <-
structure(c(4.16180023335458, 4.36276906319146, 4.38661050458619, 
3.80426576606193, 4.36117669531728, 5.32023764168686, 3.64395651286202, 
4.11674239426875, 3.76033237975534, 3.7608948210623, 2.35686232180672, 
2.38257770100661, 2.1137149611597, 2.55938042810324, 2.2741343105239, 
2.32519705635454, 2.46487932010121, 2.43177879083816, 2.19548292023503, 
2.28368593231168, 4.47926005986705e-19, 2.04571432844451e-19, 
2.23452403281105e-19, 6.35996752113089e-19, 8.39388615241373e-19, 
2.40376381600123e-19, 1.03459890875725e-19, 1.12427963129684e-20, 
4.54888776210088e-19, 3.71956800104905e-19, 0.286307053941909, 
0.333333333333333, 0.298755186721992, 0.3, 0.294605809128631, 
0.35, 0.2875, 0.325, 0.309623430962343, 0.298755186721992, 1, 
1, 1, 1, 1, 1, 1, 1, 1, 1, 0.394190871369295, 0.4125, 0.381742738589212, 
0.358333333333333, 0.37344398340249, 0.358333333333333, 0.4125, 
0.395833333333333, 0.380753138075314, 0.390041493775934, 0.820963404814203, 
0.829725640969414, 0.814325935806369, 0.81499234716399, 0.829188959759877, 
0.807523888596864, 0.82325052232534, 0.821221784012899, 0.827717460804641, 
0.822285278390521, 0.294605809128631, 0.320833333333333, 0.29045643153527, 
0.266666666666667, 0.286307053941909, 0.275, 0.320833333333333, 
0.291666666666667, 0.280334728033473, 0.278008298755187, 0.0539419087136929, 
0.0208333333333333, 0.029045643153527, 0.0291666666666667, 0.0497925311203319, 
0.0416666666666667, 0.0416666666666667, 0.0416666666666667, 0.0585774058577406, 
0.045643153526971, 0.759336099585062, 0.766666666666667, 0.763485477178423, 
0.775, 0.775933609958506, 0.733333333333333, 0.775, 0.754166666666667, 
0.753138075313807, 0.767634854771784, 0.0511871352077271, 0.0504861111111111, 
0.0504812244968234, 0.0519097222222222, 0.0475887123155593, 0.0562152777777778, 
0.0468576388888889, 0.0513194444444444, 0.0489312161901928, 0.0482774056920508, 
0.0753731247841071, 0.0628020282311955, 0.0916790104887116, 0.0682504412164134, 
0.0715253305584815, 0.0773027824575066, 0.0764205021355134, 0.0737161288747614, 
0.0787952662145676, 0.0872284588729453, 0.0912863070539419, 0.120833333333333, 
0.103734439834025, 0.0791666666666667, 0.08298755186722, 0.0958333333333333, 
0.0916666666666667, 0.0958333333333333, 0.117154811715481, 0.116182572614108, 
0.141078838174274, 0.104166666666667, 0.103734439834025, 0.0833333333333334, 
0.16597510373444, 0.0791666666666667, 0.1125, 0.108333333333333, 
0.129707112970711, 0.145228215767635, 5.47727272727273, 5.45454545454545, 
5.47727272727273, 5.45454545454545, 5.47727272727273, 5.45454545454545, 
5.45454545454545, 5.45454545454545, 5.43181818181818, 5.47727272727273, 
10.4782608695652, 10.4347826086957, 10.4782608695652, 10.4347826086957, 
10.4782608695652, 10.4347826086957, 10.4347826086957, 10.4347826086957, 
10.3913043478261, 10.4782608695652, 0.522727272727273, 0.522727272727273, 
0.522727272727273, 0.522727272727273, 0.522727272727273, 0.522727272727273, 
0.522727272727273, 0.522727272727273, 0.522727272727273, 0.522727272727273, 
0.736616657211023, 0.730183560123214, 0.736616657211023, 0.730183560123214, 
0.736616657211023, 0.730183560123214, 0.73828486614345, 0.730183560123214, 
0.731856983945078, 0.736616657211023, 2.04089005235602, 2.07725184314564, 
2.04089005235602, 2.07725184314564, 2.04089005235602, 2.07725184314564, 
2.03157894736842, 2.07725184314564, 2.06772287862513, 2.04089005235602, 
0.161272475795297, 0.164330543933054, 0.162655601659751, 0.163528591352859, 
0.159612724757953, 0.165167364016736, 0.160634588563459, 0.163389121338912, 
0.157448753560001, 0.160235131396957, 0.458832518636796, 0.457410296411856, 
0.463879632145769, 0.461440179647384, 0.456126510019899, 0.462015320597692, 
0.459433444037354, 0.457385977515873, 0.452483448936417, 0.448585687233707, 
0.362281591258762, 0.358614326611298, 0.35873907009083, 0.363441215934939, 
0.362136859096823, 0.371555495315047, 0.346042263789799, 0.37088848374519, 
0.343207243862849, 0.363819759079324, 0.807692307692308, 0.777777777777778, 
0.730769230769231, 0.62962962962963, 0.807692307692308, 0.740740740740741, 
0.777777777777778, 0.740740740740741, 0.928571428571429, 0.884615384615385, 
0.807692307692308, 0.777777777777778, 0.769230769230769, 0.777777777777778, 
0.807692307692308, 0.740740740740741, 0.814814814814815, 0.777777777777778, 
0.678571428571429, 0.846153846153846, 0.884615384615385, 0.666666666666667, 
0.692307692307692, 0.62962962962963, 0.846153846153846, 0.666666666666667, 
0.814814814814815, 0.666666666666667, 0.678571428571429, 0.653846153846154, 
0.807692307692308, 0.777777777777778, 0.769230769230769, 0.777777777777778, 
0.769230769230769, 0.777777777777778, 0.814814814814815, 0.777777777777778, 
0.821428571428571, 0.846153846153846), .Dim = c(10L, 26L), .Dimnames = list(
    NULL, c("overlapping.F1", "overlapping.F1v", "overlapping.F2", 
    "overlapping.F3", "overlapping.F4", "neighborhood.N1", "neighborhood.N2", 
    "neighborhood.N3", "neighborhood.N4", "neighborhood.T1", 
    "neighborhood.LSCAvg", "linearity.L1", "linearity.L2", "linearity.L3", 
    "dimensionality.T2", "dimensionality.T3", "dimensionality.T4", 
    "balance.C1", "balance.C2", "network.Density", "network.ClsCoef", 
    "network.Hubs", "ANN", "C4.5", "kNN", "SVM")))
