aux <-
structure(c(1.40844981887918, Inf, 1.799387521777, 1.5226238569218, 
1.67103033884949, 1.15229232268706, Inf, 1.48314425289677, 1.3066717918883, 
1.30108153679393, 17.6637503434221, 14.2063682133503, 15.6081837679581, 
21.0948494052484, 15.4598453199624, 16.0130867282215, 11.6066958994715, 
17.2054351514662, 15.9024337263357, 14.9405227555603, 1, 0, 1, 
1, 1, 1, 0, 1, 1, 1, 0, 0.170212765957447, 0, 0, 0, 0, 0.157894736842105, 
0, 0, 0, 0, 0.170212765957447, 0, 0, 0, 0, 0.157894736842105, 
0, 0, 0, 0.442105263157895, 0.446808510638298, 0.458333333333333, 
0.452631578947368, 0.4375, 0.479166666666667, 0.452631578947368, 
0.4375, 0.447916666666667, 0.421052631578947, 0.903752039151713, 
0.892555166013611, 0.897477295660949, 0.883225020308692, 0.891466612870688, 
0.896719319562576, 0.900686314089625, 0.894312222670432, 0.903375783303012, 
0.895346474293843, 0.242105263157895, 0.234042553191489, 0.25, 
0.242105263157895, 0.239583333333333, 0.239583333333333, 0.252631578947368, 
0.239583333333333, 0.270833333333333, 0.231578947368421, 0, 0, 
0, 0, 0, 0, 0, 0, 0, 0, 0.968421052631579, 0.957446808510638, 
0.958333333333333, 0.957894736842105, 0.958333333333333, 0.958333333333333, 
0.978947368421053, 0.96875, 0.979166666666667, 0.957894736842105, 
0.0474238227146814, 0.0493435943866003, 0.0530598958333333, 0.0555124653739612, 
0.0512152777777778, 0.0480685763888889, 0.0539612188365651, 0.0502387152777778, 
0.0500217013888889, 0.0470914127423823, 0, 0, 0, 0, 0, 0, 0, 
0, 0, 0, 0, 0, 0, 0, 0, 0, 0, 0, 0, 0, 0, 0, 0, 0, 0, 0, 0, 0, 
0, 0, 0.552325581395349, 0.546511627906977, 0.558139534883721, 
0.552325581395349, 0.558139534883721, 0.558139534883721, 0.552325581395349, 
0.558139534883721, 0.558139534883721, 0.552325581395349, 1.39705882352941, 
1.38235294117647, 1.41176470588235, 1.39705882352941, 1.41176470588235, 
1.41176470588235, 1.39705882352941, 1.41176470588235, 1.41176470588235, 
1.39705882352941, 0.395348837209302, 0.395348837209302, 0.395348837209302, 
0.395348837209302, 0.395348837209302, 0.395348837209302, 0.395348837209302, 
0.395348837209302, 0.395348837209302, 0.395348837209302, 0.999920070820796, 
1, 1, 0.999920070820796, 1, 1, 0.999920070820796, 1, 1, 0.999920070820796, 
1.00022163120567, 1, 1, 1.00022163120567, 1, 1, 1.00022163120567, 
1, 1, 1.00022163120567, 0.115565509518477, 0.118050789293068, 
0.118859649122807, 0.121388577827548, 0.121491228070175, 0.115789473684211, 
0.119372900335946, 0.119517543859649, 0.117324561403509, 0.114893617021277, 
0.371685927940177, 0.390897140979297, 0.377074370006146, 0.380529641889859, 
0.390478929958291, 0.377361537219441, 0.369759773904852, 0.385893980233603, 
0.381632019857276, 0.366880920162382, 0.298198937625719, 0.276098160636543, 
0.287783703500054, 0.28960758520287, 0.297556146672388, 0.311898251357529, 
0.296470405801906, 0.318730991376842, 0.295479583117189, 0.309055930770874, 
0.909090909090909, 1, 1, 1, 0.9, 0.9, 0.909090909090909, 0.8, 
1, 1, 0.636363636363636, 0.833333333333333, 0.5, 0.727272727272727, 
0.8, 0.8, 0.909090909090909, 0.7, 1, 0.909090909090909, 0.909090909090909, 
0.916666666666667, 0.8, 0.636363636363636, 0.5, 0.7, 0.727272727272727, 
0.9, 0.9, 1, 0.909090909090909, 1, 0.9, 0.818181818181818, 0.7, 
0.9, 0.818181818181818, 0.9, 0.9, 0.909090909090909), .Dim = c(10L, 
26L), .Dimnames = list(NULL, c("overlapping.F1", "overlapping.F1v", 
"overlapping.F2", "overlapping.F3", "overlapping.F4", "neighborhood.N1", 
"neighborhood.N2", "neighborhood.N3", "neighborhood.N4", "neighborhood.T1", 
"neighborhood.LSCAvg", "linearity.L1", "linearity.L2", "linearity.L3", 
"dimensionality.T2", "dimensionality.T3", "dimensionality.T4", 
"balance.C1", "balance.C2", "network.Density", "network.ClsCoef", 
"network.Hubs", "ANN", "C4.5", "kNN", "SVM")))
