aux <-
structure(c(Inf, 15.9701171310997, 0.8, 0.0328107502799552, 0.0328107502799552, 
0.447564622993654, 0.895891624792514, 0.24420469391564, 0, 0.964352136991415, 
0.0505936680720857, 0, 0, 0, 0.554651162790698, 1.40294117647059, 
0.395348837209302, 0.999968028328318, 1.00008865248227, 0.118225385013667, 
0.379219424215132, 0.298087969606191, 0.941818181818182, 0.781515151515151, 
0.798939393939394, 0.875454545454545), .Names = c("overlapping.F1", 
"overlapping.F1v", "overlapping.F2", "overlapping.F3", "overlapping.F4", 
"neighborhood.N1", "neighborhood.N2", "neighborhood.N3", "neighborhood.N4", 
"neighborhood.T1", "neighborhood.LSCAvg", "linearity.L1", "linearity.L2", 
"linearity.L3", "dimensionality.T2", "dimensionality.T3", "dimensionality.T4", 
"balance.C1", "balance.C2", "network.Density", "network.ClsCoef", 
"network.Hubs", "ANN", "C4.5", "kNN", "SVM"))
