aux <-
structure(c(33.4599099993643, 112.916391789709, 2.09193017316698e-08, 
0.533648148148148, 0.999074074074074, 0.0863888888888889, 0.720842459791884, 
0.0390555555555556, 0.000611111111111112, 0.906444444444444, 
0.0136654320987654, 0, 0, 0.000808641975308641, 28.125, 50, 0.5625, 
1, 1, 0.0660312519300846, 0.786858885882073, 0.0812834855913623, 
0.961, 0.817, 0.9555, 0.975), .Names = c("overlapping.F1", "overlapping.F1v", 
"overlapping.F2", "overlapping.F3", "overlapping.F4", "neighborhood.N1", 
"neighborhood.N2", "neighborhood.N3", "neighborhood.N4", "neighborhood.T1", 
"neighborhood.LSCAvg", "linearity.L1", "linearity.L2", "linearity.L3", 
"dimensionality.T2", "dimensionality.T3", "dimensionality.T4", 
"balance.C1", "balance.C2", "network.Density", "network.ClsCoef", 
"network.Hubs", "ANN", "C4.5", "kNN", "SVM"))
