aux <-
structure(c(36.7399549309492, 32.2792153677311, 31.8388228977307, 
34.1215552100791, 32.9000402463018, 32.3761203078033, 34.6189586453791, 
33.5585006282847, 32.2057220952398, 33.9602096641442, 118.122696333889, 
109.768750288673, 112.4142830867, 115.995204720103, 113.090993462135, 
108.626505005459, 118.779044713138, 109.485080235117, 110.64065126037, 
112.240708791508, 2.48192716922555e-08, 1.8325221682566e-08, 
1.5940718130598e-08, 2.26823904708867e-08, 2.27150584391411e-08, 
2.02378327027521e-08, 3.10688630645114e-08, 2.19781900133348e-08, 
2.08984193237241e-08, 1.05270517969281e-08, 0.537407407407407, 
0.532530864197531, 0.527901234567901, 0.530308641975309, 0.537407407407407, 
0.521543209876543, 0.532839506172839, 0.525617283950617, 0.527345679012346, 
0.56358024691358, 0.999320987654321, 0.998456790123457, 1, 0.999074074074074, 
0.998518518518518, 0.999074074074074, 0.998765432098765, 0.999135802469136, 
0.998950617283951, 0.999444444444444, 0.0788888888888889, 0.0888888888888889, 
0.0816666666666667, 0.0911111111111111, 0.0861111111111111, 0.0894444444444444, 
0.0833333333333333, 0.0888888888888889, 0.095, 0.0805555555555556, 
0.718049404602437, 0.722162008600231, 0.720581491437568, 0.721372516702255, 
0.721738000465101, 0.722675299106016, 0.722136315486229, 0.720741336326599, 
0.720770108915596, 0.718198116276804, 0.035, 0.0394444444444444, 
0.0383333333333333, 0.0388888888888889, 0.0405555555555556, 0.0422222222222222, 
0.0377777777777778, 0.0411111111111111, 0.0416666666666667, 0.0355555555555556, 
0.000555555555555556, 0.00166666666666667, 0.000555555555555556, 
0, 0.00166666666666667, 0, 0.000555555555555556, 0.000555555555555556, 
0, 0.000555555555555556, 0.907777777777778, 0.915555555555556, 
0.901111111111111, 0.903888888888889, 0.904444444444444, 0.898333333333333, 
0.914444444444444, 0.904444444444444, 0.902777777777778, 0.911666666666667, 
0.0140114197530864, 0.0135373456790123, 0.0135787037037037, 0.013508024691358, 
0.0135305555555556, 0.013525, 0.013508024691358, 0.0137564814814815, 
0.0138395061728395, 0.0138592592592593, 0, 0, 0, 0, 0, 0, 0, 
0, 0, 0, 0, 0, 0, 0, 0, 0, 0, 0, 0, 0, 0.00111111111111111, 0.000555555555555554, 
0.000679012345679012, 0.000802469135802469, 0.000925925925925925, 
0.000864197530864197, 0.000802469135802469, 0.000679012345679012, 
0.00111111111111111, 0.000555555555555554, 28.125, 28.125, 28.125, 
28.125, 28.125, 28.125, 28.125, 28.125, 28.125, 28.125, 50, 50, 
50, 50, 50, 50, 50, 50, 50, 50, 0.5625, 0.5625, 0.5625, 0.5625, 
0.5625, 0.5625, 0.5625, 0.5625, 0.5625, 0.5625, 1, 1, 1, 1, 1, 
1, 1, 1, 1, 1, 1, 1, 1, 1, 1, 1, 1, 1, 1, 1, 0.0663844110925823, 
0.0658668396022482, 0.0660305107775925, 0.0663102958433698, 0.0660410104378976, 
0.0657964301154963, 0.0661768883947872, 0.0658631338397875, 0.0657624606262739, 
0.0660805385708109, 0.789608177732474, 0.786341191290184, 0.786552111775592, 
0.7864747417368, 0.787148141245329, 0.785807019120733, 0.785949212641857, 
0.787737196803556, 0.785929145193253, 0.787041921280948, 0.0820290199683766, 
0.0814377078628592, 0.0812126902753024, 0.0812568975761533, 0.0814987981505609, 
0.0808228363411584, 0.0808696401345708, 0.0809099916354352, 0.08123067423704, 
0.0815665997321664, 0.925, 0.96, 0.94, 0.955, 0.965, 0.98, 0.97, 
0.975, 0.985, 0.955, 0.765, 0.815, 0.82, 0.815, 0.84, 0.875, 
0.795, 0.8, 0.82, 0.825, 0.945, 0.965, 0.955, 0.945, 0.96, 0.98, 
0.945, 0.96, 0.965, 0.935, 0.945, 0.99, 0.955, 0.98, 0.98, 0.995, 
0.97, 0.99, 0.985, 0.96), .Dim = c(10L, 26L), .Dimnames = list(
    NULL, c("overlapping.F1", "overlapping.F1v", "overlapping.F2", 
    "overlapping.F3", "overlapping.F4", "neighborhood.N1", "neighborhood.N2", 
    "neighborhood.N3", "neighborhood.N4", "neighborhood.T1", 
    "neighborhood.LSCAvg", "linearity.L1", "linearity.L2", "linearity.L3", 
    "dimensionality.T2", "dimensionality.T3", "dimensionality.T4", 
    "balance.C1", "balance.C2", "network.Density", "network.ClsCoef", 
    "network.Hubs", "ANN", "C4.5", "kNN", "SVM")))
