aux <-
structure(c(26.75570927558, 27.0778411037286, 26.0961785022599, 
27.2421837973448, 26.381529909584, 26.5171761460608, 26.1539350431148, 
26.6735566334282, 26.448183751621, 27.0787964012392, 27.3253492781512, 
27.9524173946261, 27.3624461768178, 27.9509229796039, 27.2892195482065, 
27.1238881649376, 27.6778239044879, 27.6251666671286, 27.1741301277348, 
27.6974075801768, 2.19318692583319e-05, 2.10051107604204e-05, 
1.97976602358592e-05, 2.51468639085205e-05, 1.95955138444574e-05, 
1.89623639954743e-05, 2.206485368674e-05, 1.69054722972141e-05, 
2.30024275631049e-05, 2.40982736249634e-05, 0.51258341756309, 
0.533504270442756, 0.511971053870059, 0.519966449304805, 0.516072249061546, 
0.5154995221515, 0.511868573629891, 0.512057015055381, 0.512679788233971, 
0.512226594946818, 0.862551054724086, 0.868022461146462, 0.858168467642429, 
0.864081964716643, 0.858361047087626, 0.868359938116229, 0.882004472829356, 
0.857222581189154, 0.857544226526285, 0.85854494367701, 0.157940210817349, 
0.148833189282627, 0.156903404181787, 0.154085334254621, 0.152557014512785, 
0.157594608605495, 0.154311387592881, 0.150535776011061, 0.15552099533437, 
0.15673060307586, 0.504872972007562, 0.503674199504724, 0.505335958787156, 
0.504810135275415, 0.500806844993891, 0.506165062885646, 0.506443142728901, 
0.487543173936696, 0.507924968274594, 0.505602965340853, 0.0922757905650596, 
0.088504753673293, 0.0938310005184033, 0.0929348764898946, 0.0891499654457498, 
0.0950406082598929, 0.0914117850354242, 0.0891807811959903, 0.0941766027302575, 
0.0927941938828409, 0.0938310005184033, 0.0993949870354365, 0.0934853983065492, 
0.0903437553981689, 0.0910504492052523, 0.0948678071539658, 0.0983238292725073, 
0.0962668510197027, 0.0959046137895282, 0.0946950060480387, 0.444962847762226, 
0.44580812445981, 0.44530844997408, 0.445154603558473, 0.435556323427782, 
0.449282875410403, 0.446172455503715, 0.442792948496371, 0.452738897528944, 
0.453257300846725, 0.0224896145400649, 0.0228880610227177, 0.0224143070596523, 
0.0226893405005252, 0.0237784642725292, 0.0226561151391058, 0.0224605306836328, 
0.0233130639782858, 0.0223034061943657, 0.0225275668824934, 0.0236623012673679, 
0.0227833866975415, 0.0234809155917557, 0.0229403090200539, 0.0236053497692334, 
0.0239641785074532, 0.023027043556483, 0.0227989759881387, 0.0233877762891068, 
0.0237827572013846, 0.0273844465970634, 0.0277397773436117, 0.027448441769379, 
0.0268537735199186, 0.0280602071524224, 0.0278784869474214, 0.0264996614444232, 
0.0280917245385906, 0.0278149123683699, 0.0276172770898006, 0.0214347153053536, 
0.0213265421350436, 0.0198808304838661, 0.0204866902962708, 0.020110195004771, 
0.0202241359138207, 0.0194119439912877, 0.0204784319986256, 0.0201176492277407, 
0.0212337788831973, 160.75, 160.694444444444, 160.75, 160.805555555556, 
160.777777777778, 160.75, 160.75, 160.722222222222, 160.75, 160.75, 
964.5, 964.166666666667, 964.5, 964.833333333333, 964.666666666667, 
964.5, 964.5, 964.333333333333, 964.5, 964.5, 0.166666666666667, 
0.166666666666667, 0.166666666666667, 0.166666666666667, 0.166666666666667, 
0.166666666666667, 0.166666666666667, 0.166666666666667, 0.166666666666667, 
0.166666666666667, 0.960733862033986, 0.960639267425348, 0.960721942431218, 
0.960691814321159, 0.960706037743801, 0.96064889564381, 0.960733254043614, 
0.960686385129005, 0.960733862033986, 0.960659155559879, 1.03338089717255, 
1.03345089904377, 1.03338601050253, 1.03341295442946, 1.03339479410946, 
1.03345000827008, 1.03338117921103, 1.03342186045481, 1.03338089717255, 
1.03343548160496, 0.113429919176509, 0.11373980736655, 0.113656597433333, 
0.11394360989905, 0.113436402565195, 0.113150319461042, 0.113750315005127, 
0.113705869471239, 0.113316789105777, 0.113690345316101, 0.831758999520867, 
0.833617653208923, 0.833372080986301, 0.833551310097633, 0.832806365571502, 
0.833786832241091, 0.834126029641416, 0.833739540149411, 0.832683758110258, 
0.833603379181364, 0.157701177360818, 0.158499375587579, 0.158631056352211, 
0.158799773337559, 0.158015222213649, 0.158295131869503, 0.158745679953814, 
0.158652956314829, 0.158434898802341, 0.158174663459001, 0.883359253499222, 
0.89922480620155, 0.900466562986003, 0.901716068642746, 0.895638629283489, 
0.920684292379471, 0.872472783825817, 0.894409937888199, 0.894245723172628, 
0.892690513219285, 0.87402799377916, 0.863565891472868, 0.875583203732504, 
0.868954758190328, 0.85202492211838, 0.875583203732504, 0.870917573872473, 
0.877329192546584, 0.869362363919129, 0.866251944012442, 0.902021772939347, 
0.894573643410853, 0.897356143079316, 0.914196567862715, 0.914330218068536, 
0.930015552099533, 0.894245723172628, 0.906832298136646, 0.917573872472784, 
0.909797822706065, 0.900466562986003, 0.888372093023256, 0.902021772939347, 
0.898595943837754, 0.901869158878505, 0.911353032659409, 0.889580093312597, 
0.895962732919255, 0.898911353032659, 0.895800933125972), .Dim = c(10L, 
26L), .Dimnames = list(NULL, c("overlapping.F1", "overlapping.F1v", 
"overlapping.F2", "overlapping.F3", "overlapping.F4", "neighborhood.N1", 
"neighborhood.N2", "neighborhood.N3", "neighborhood.N4", "neighborhood.T1", 
"neighborhood.LSCAvg", "linearity.L1", "linearity.L2", "linearity.L3", 
"dimensionality.T2", "dimensionality.T3", "dimensionality.T4", 
"balance.C1", "balance.C2", "network.Density", "network.ClsCoef", 
"network.Hubs", "ANN", "C4.5", "kNN", "SVM")))
