aux <-
structure(c(26.6425090563961, 27.5178771821871, 2.12510409175086e-05, 
0.515842893425982, 0.863486115765528, 0.154501252366884, 0.503317942373544, 
0.0919300357796806, 0.0948163697747553, 0.446103482696853, 0.0227520470273373, 
0.0233432993888519, 0.0275388708771001, 0.0204704913239977, 160.75, 
964.5, 0.166666666666667, 0.960695447636581, 1.03340949819712, 
0.113581997479992, 0.833304594870877, 0.15839499352513, 0.895490857109841, 
0.869360104737637, 0.908094361394842, 0.898293367671476), .Names = c("overlapping.F1", 
"overlapping.F1v", "overlapping.F2", "overlapping.F3", "overlapping.F4", 
"neighborhood.N1", "neighborhood.N2", "neighborhood.N3", "neighborhood.N4", 
"neighborhood.T1", "neighborhood.LSCAvg", "linearity.L1", "linearity.L2", 
"linearity.L3", "dimensionality.T2", "dimensionality.T3", "dimensionality.T4", 
"balance.C1", "balance.C2", "network.Density", "network.ClsCoef", 
"network.Hubs", "ANN", "C4.5", "kNN", "SVM"))
