aux <-
structure(c(24.4377010681528, 57.317548130423, 1.92859988764953e-05, 
0.850289769260494, 1, 0.0930365443962655, 0.560707608206271, 
0.0362193347396383, 0.0056055900621118, 0.350821833860698, 0.149025602952984, 
0, 0, 0.000859612928578446, 12.3230769230769, 160.2, 0.0769230769230769, 
0.988541322485509, 1.0190739887265, 0.172374584697484, 0.655073375104001, 
0.218475372851502, 0.977124183006536, 0.960749914000688, 0.955194358445132, 
0.982679738562091), .Names = c("overlapping.F1", "overlapping.F1v", 
"overlapping.F2", "overlapping.F3", "overlapping.F4", "neighborhood.N1", 
"neighborhood.N2", "neighborhood.N3", "neighborhood.N4", "neighborhood.T1", 
"neighborhood.LSCAvg", "linearity.L1", "linearity.L2", "linearity.L3", 
"dimensionality.T2", "dimensionality.T3", "dimensionality.T4", 
"balance.C1", "balance.C2", "network.Density", "network.ClsCoef", 
"network.Hubs", "ANN", "C4.5", "kNN", "SVM"))
