aux <-
structure(c(22.9669357566291, 24.942797296174, 22.7132672511583, 
25.8960921088888, 25.1540230841538, 22.9548633754126, 24.0556598197237, 
26.4715768423516, 24.4716921840486, 24.7501029629875, 59.6597392329384, 
56.9875264033432, 57.471298953707, 57.7895804220411, 55.1489637741288, 
58.3186634290745, 54.8397823734289, 56.4582873555085, 59.8914006341936, 
56.6102387258661, 2.25226172651713e-05, 2.35211969976447e-05, 
1.92591705465072e-05, 1.95576519267932e-05, 1.8997644664453e-05, 
1.48390430791575e-05, 2.14893277344592e-05, 1.73357399226711e-05, 
1.69523869033773e-05, 1.83852097247185e-05, 0.848528015194682, 
0.849002385599653, 0.844929041190723, 0.844662779242218, 0.844662779242218, 
0.851206505095306, 0.846979258194211, 0.856325052586735, 0.853513770180437, 
0.86308810607876, 1, 1, 1, 1, 1, 1, 1, 1, 1, 1, 0.0869565217391304, 
0.106918238993711, 0.0875, 0.1125, 0.1125, 0.0745341614906832, 
0.0875, 0.075, 0.0869565217391304, 0.1, 0.558103789458284, 0.570058780296866, 
0.546818097666504, 0.574385421181107, 0.567617543358071, 0.55523588544693, 
0.564810570445814, 0.552951192895857, 0.567344221627514, 0.549750579685767, 
0.031055900621118, 0.050314465408805, 0.025, 0.05, 0.05, 0.031055900621118, 
0.03125, 0.025, 0.0372670807453416, 0.03125, 0.0124223602484472, 
0, 0.00625, 0.00625, 0, 0.0062111801242236, 0, 0.00625, 0.0124223602484472, 
0.00625, 0.354037267080745, 0.352201257861635, 0.3625, 0.3625, 
0.36875, 0.329192546583851, 0.35625, 0.325, 0.354037267080745, 
0.34375, 0.14756375139848, 0.148253629207705, 0.1533203125, 0.1423828125, 
0.1467578125, 0.152694726283708, 0.146796875, 0.152421875, 0.147525172639944, 
0.1525390625, 0, 0, 0, 0, 0, 0, 0, 0, 0, 0, 0, 0, 0, 0, 0, 0, 
0, 0, 0, 0, 0, 0.00574712643678162, 0, 0, 0, 0, 0, 0, 0, 0.00284900284900284, 
12.3846153846154, 12.2307692307692, 12.3076923076923, 12.3076923076923, 
12.3076923076923, 12.3846153846154, 12.3076923076923, 12.3076923076923, 
12.3846153846154, 12.3076923076923, 161, 159, 160, 160, 160, 
161, 160, 160, 161, 160, 0.0769230769230769, 0.0769230769230769, 
0.0769230769230769, 0.0769230769230769, 0.0769230769230769, 0.0769230769230769, 
0.0769230769230769, 0.0769230769230769, 0.0769230769230769, 0.0769230769230769, 
0.989434393321837, 0.989133518881283, 0.988191071255297, 0.988191071255297, 
0.988191071255297, 0.988264491798348, 0.988191071255297, 0.988191071255297, 
0.989434393321837, 0.988191071255297, 1.01773528749474, 1.01795977011494, 
1.01967675799451, 1.01967675799451, 1.01967675799451, 1.01924899419351, 
1.01967675799451, 1.01967675799451, 1.01773528749474, 1.01967675799451, 
0.17166149068323, 0.166865695406417, 0.172877358490566, 0.171619496855346, 
0.174056603773585, 0.172670807453416, 0.174292452830189, 0.175078616352201, 
0.171195652173913, 0.173427672955975, 0.65396639002174, 0.644156387204683, 
0.656097092967476, 0.654928894634777, 0.65794607179939, 0.6545359979826, 
0.660309593638745, 0.65563537124753, 0.653371137488587, 0.659786814054481, 
0.217254289157057, 0.207858911357663, 0.227644403134287, 0.225037072852124, 
0.219900030153928, 0.216818085004688, 0.222634838735173, 0.216775897140243, 
0.211794180852052, 0.219036020127802, 0.941176470588235, 1, 0.944444444444444, 
1, 1, 0.941176470588235, 1, 0.944444444444444, 1, 1, 1, 0.947368421052632, 
0.944444444444444, 0.944444444444444, 1, 0.941176470588235, 1, 
0.888888888888889, 0.941176470588235, 1, 1, 0.947368421052632, 
0.833333333333333, 1, 1, 0.941176470588235, 1, 0.888888888888889, 
0.941176470588235, 1, 1, 1, 0.944444444444444, 1, 1, 0.941176470588235, 
1, 1, 0.941176470588235, 1), .Dim = c(10L, 26L), .Dimnames = list(
    NULL, c("overlapping.F1", "overlapping.F1v", "overlapping.F2", 
    "overlapping.F3", "overlapping.F4", "neighborhood.N1", "neighborhood.N2", 
    "neighborhood.N3", "neighborhood.N4", "neighborhood.T1", 
    "neighborhood.LSCAvg", "linearity.L1", "linearity.L2", "linearity.L3", 
    "dimensionality.T2", "dimensionality.T3", "dimensionality.T4", 
    "balance.C1", "balance.C2", "network.Density", "network.ClsCoef", 
    "network.Hubs", "ANN", "C4.5", "kNN", "SVM")))
