aux <-
structure(c(Inf, 55.5004457135021, 0.0207241889210404, 0.62079012345679, 
0.8, 0.420333333333333, 0.2145942992722, 0.2895, 0.290555555555556, 
0.485166666666667, 0.0216791049382716, 0.179674088260529, 0.0405802469135803, 
0.0390679012345679, 300, 1800, 0.166666666666667, 1, 1, 0.0764385152245074, 
0.925471318196708, 0.0985000000000023, 0.7375, 0.719, 0.657, 
0.717), .Names = c("overlapping.F1", "overlapping.F1v", "overlapping.F2", 
"overlapping.F3", "overlapping.F4", "neighborhood.N1", "neighborhood.N2", 
"neighborhood.N3", "neighborhood.N4", "neighborhood.T1", "neighborhood.LSCAvg", 
"linearity.L1", "linearity.L2", "linearity.L3", "dimensionality.T2", 
"dimensionality.T3", "dimensionality.T4", "balance.C1", "balance.C2", 
"network.Density", "network.ClsCoef", "network.Hubs", "ANN", 
"C4.5", "kNN", "SVM"))
