aux <-
structure(c(Inf, Inf, Inf, Inf, Inf, Inf, Inf, Inf, Inf, Inf, 
59.9444939754813, 55.5269818909895, 56.8641240684335, 54.3890915176431, 
57.3415801672664, 56.6141746288569, 52.587009312666, 58.4525393706804, 
49.0041143794091, 54.2803478235948, 0.0271013813852355, 0.0218671705364435, 
0.0199301579347741, 0.0195903969710337, 0.0211064748472356, 0.0215350278017034, 
0.0134960511386024, 0.0312532385782954, 0.0102142148413258, 0.0211477751757546, 
0.617469135802469, 0.614444444444444, 0.617469135802469, 0.619135802469136, 
0.620308641975309, 0.61679012345679, 0.630493827160494, 0.619567901234568, 
0.636851851851852, 0.61537037037037, 0.807098765432099, 0.801111111111111, 
0.808765432098765, 0.800308641975309, 0.803271604938272, 0.805679012345679, 
0.794012345679012, 0.80320987654321, 0.788765432098765, 0.787777777777778, 
0.424444444444444, 0.42, 0.411666666666667, 0.426111111111111, 
0.422222222222222, 0.414444444444444, 0.422777777777778, 0.426666666666667, 
0.419444444444444, 0.415555555555556, 0.183531911199401, 0.226066077122399, 
0.222337765756977, 0.216077036967219, 0.218324413864341, 0.21153110660909, 
0.217029001013556, 0.219143845109635, 0.213359977924054, 0.218541857155327, 
0.3, 0.287222222222222, 0.288333333333333, 0.29, 0.293888888888889, 
0.281666666666667, 0.291666666666667, 0.288888888888889, 0.287222222222222, 
0.286111111111111, 0.288888888888889, 0.288333333333333, 0.290555555555556, 
0.297777777777778, 0.287777777777778, 0.278333333333333, 0.288333333333333, 
0.290555555555556, 0.299444444444444, 0.295555555555556, 0.492777777777778, 
0.491111111111111, 0.488888888888889, 0.483888888888889, 0.492222222222222, 
0.472777777777778, 0.491111111111111, 0.478333333333333, 0.479444444444444, 
0.481111111111111, 0.0215586419753086, 0.021537962962963, 0.0216716049382716, 
0.0215552469135802, 0.0215969135802469, 0.0220966049382716, 0.0219043209876543, 
0.0218299382716049, 0.0215345679012346, 0.0215052469135802, 0.139450188301879, 
0.143764532220747, 0.136577964355987, 0.202813498730339, 0.140975598042723, 
0.176615476622237, 0.151534956145768, 0.317130767839652, 0.251393764895559, 
0.136484135450404, 0.04, 0.0401234567901235, 0.0395679012345679, 
0.0412962962962963, 0.0400617283950617, 0.0393827160493827, 0.039320987654321, 
0.0445679012345679, 0.0418518518518519, 0.0396296296296296, 0.0378395061728395, 
0.0369753086419753, 0.0365432098765432, 0.0400617283950617, 0.0372839506172839, 
0.0382098765432099, 0.0390123456790123, 0.0443827160493827, 0.0417901234567901, 
0.0385802469135802, 300, 300, 300, 300, 300, 300, 300, 300, 300, 
300, 1800, 1800, 1800, 1800, 1800, 1800, 1800, 1800, 1800, 1800, 
0.166666666666667, 0.166666666666667, 0.166666666666667, 0.166666666666667, 
0.166666666666667, 0.166666666666667, 0.166666666666667, 0.166666666666667, 
0.166666666666667, 0.166666666666667, 1, 1, 1, 1, 1, 1, 1, 1, 
1, 1, 1, 1, 1, 1, 1, 1, 1, 1, 1, 1, 0.0751170403310481, 0.0764968192205546, 
0.0769717744425916, 0.0762713853375332, 0.0764245568525724, 0.076859983941696, 
0.0764165277005744, 0.0770854178247174, 0.0761429189055648, 0.0765987276882218, 
0.939469536345787, 0.923382793031058, 0.924373118775908, 0.923438239192343, 
0.92346736150746, 0.925937476895818, 0.924243897409821, 0.92373598553326, 
0.922398382798668, 0.924266390476955, 0.0983333333333406, 0.0983333333333357, 
0.0983333333333339, 0.0983333333333346, 0.0983333333333352, 0.0988888888888911, 
0.0983333333333345, 0.0994444444444445, 0.0983333333333337, 0.0983333333333397, 
0.76, 0.735, 0.725, 0.725, 0.735, 0.7, 0.76, 0.76, 0.74, 0.735, 
0.74, 0.71, 0.705, 0.745, 0.69, 0.685, 0.725, 0.72, 0.74, 0.73, 
0.64, 0.695, 0.655, 0.695, 0.655, 0.63, 0.685, 0.615, 0.62, 0.68, 
0.725, 0.705, 0.685, 0.75, 0.715, 0.675, 0.735, 0.705, 0.76, 
0.715), .Dim = c(10L, 26L), .Dimnames = list(NULL, c("overlapping.F1", 
"overlapping.F1v", "overlapping.F2", "overlapping.F3", "overlapping.F4", 
"neighborhood.N1", "neighborhood.N2", "neighborhood.N3", "neighborhood.N4", 
"neighborhood.T1", "neighborhood.LSCAvg", "linearity.L1", "linearity.L2", 
"linearity.L3", "dimensionality.T2", "dimensionality.T3", "dimensionality.T4", 
"balance.C1", "balance.C2", "network.Density", "network.ClsCoef", 
"network.Hubs", "ANN", "C4.5", "kNN", "SVM")))
