aux <-
structure(c(Inf, 68.6193875770344, 0, 0.29629012345679, 1, 0.146333333333334, 
0.817196574755984, 0.0750555555555556, 0, 0.975, 0.0135855864197531, 
0, 0, 0, 1.27750177430802, 2.54560928247789, 0.501845280340667, 
1, 1, 0.0730590451485393, 0.848240457264365, 0.0878713258531726, 
0.372, 0.783, 0.9595, 0.951), .Names = c("overlapping.F1", "overlapping.F1v", 
"overlapping.F2", "overlapping.F3", "overlapping.F4", "neighborhood.N1", 
"neighborhood.N2", "neighborhood.N3", "neighborhood.N4", "neighborhood.T1", 
"neighborhood.LSCAvg", "linearity.L1", "linearity.L2", "linearity.L3", 
"dimensionality.T2", "dimensionality.T3", "dimensionality.T4", 
"balance.C1", "balance.C2", "network.Density", "network.ClsCoef", 
"network.Hubs", "ANN", "C4.5", "kNN", "SVM"))
