aux <-
structure(c(Inf, Inf, Inf, Inf, Inf, Inf, Inf, Inf, Inf, Inf, 
68.3579776821348, 68.858944279271, 69.5574892781195, 68.9318120980061, 
68.9541128752733, 69.4413536369587, 66.9433544943732, 68.4418800597503, 
67.5960822629773, 69.1108691034797, 0, 0, 0, 0, 0, 0, 0, 0, 0, 
0, 0.293827160493827, 0.295308641975309, 0.302777777777778, 0.292407407407407, 
0.288518518518519, 0.305493827160494, 0.292098765432099, 0.303703703703704, 
0.291975308641975, 0.29679012345679, 1, 1, 1, 1, 1, 1, 1, 1, 
1, 1, 0.147777777777778, 0.148888888888889, 0.152777777777778, 
0.140555555555556, 0.155, 0.140555555555556, 0.147777777777778, 
0.141111111111111, 0.143888888888889, 0.145, 0.817970871823719, 
0.817041550954869, 0.817236418502241, 0.818389602169584, 0.817355128650064, 
0.814256042627031, 0.816480466492724, 0.815763758342207, 0.818965365990596, 
0.818506542006801, 0.0761111111111111, 0.0722222222222222, 0.0783333333333333, 
0.0761111111111111, 0.0783333333333333, 0.0727777777777778, 0.0716666666666667, 
0.0761111111111111, 0.075, 0.0738888888888889, 0, 0, 0, 0, 0, 
0, 0, 0, 0, 0, 0.973888888888889, 0.977222222222222, 0.970555555555556, 
0.975, 0.974444444444444, 0.975555555555556, 0.972777777777778, 
0.974444444444444, 0.977222222222222, 0.978888888888889, 0.0131876543209877, 
0.0135067901234568, 0.0138166666666667, 0.013458024691358, 0.0135024691358025, 
0.0136907407407407, 0.0138256172839506, 0.0139604938271605, 0.0133614197530864, 
0.013545987654321, 0, 0, 0, 0, 0, 0, 0, 0, 0, 0, 0, 0, 0, 0, 
0, 0, 0, 0, 0, 0, 0, 0, 0, 0, 0, 0, 0, 0, 0, 0, 1.27750177430802, 
1.27750177430802, 1.27750177430802, 1.27750177430802, 1.27750177430802, 
1.27750177430802, 1.27750177430802, 1.27750177430802, 1.27750177430802, 
1.27750177430802, 2.54596888260255, 2.54596888260255, 2.54596888260255, 
2.54596888260255, 2.54596888260255, 2.54596888260255, 2.54596888260255, 
2.54596888260255, 2.54237288135593, 2.54596888260255, 0.501774308019872, 
0.501774308019872, 0.501774308019872, 0.501774308019872, 0.501774308019872, 
0.501774308019872, 0.501774308019872, 0.501774308019872, 0.502484031227821, 
0.501774308019872, 1, 1, 1, 1, 1, 1, 1, 1, 1, 1, 1, 1, 1, 1, 
1, 1, 1, 1, 1, 1, 0.072581681180903, 0.0733605089247113, 0.0731004879253907, 
0.0729819035266506, 0.0730541658946328, 0.0730992526712371, 0.072948551664505, 
0.0731684269038355, 0.072735470323019, 0.0735600024705083, 0.845715310089597, 
0.849296695957052, 0.84763615244103, 0.848501938422743, 0.847362498181736, 
0.848132113145588, 0.848473795257117, 0.850133404458131, 0.846407757665208, 
0.850744907025449, 0.0879684424716143, 0.0878829045780402, 0.0877393384120315, 
0.0881197985157374, 0.0877297047993874, 0.0873509424800101, 0.0875469798821744, 
0.0879460873149753, 0.0875849721709071, 0.0888440879068486, 0.43, 
0.205, 0.305, 0.485, 0.485, 0.41, 0.37, 0.2, 0.47, 0.36, 0.785, 
0.78, 0.795, 0.785, 0.82, 0.765, 0.775, 0.78, 0.77, 0.775, 0.97, 
0.975, 0.945, 0.97, 0.96, 0.955, 0.965, 0.965, 0.945, 0.945, 
0.95, 0.965, 0.94, 0.945, 0.955, 0.94, 0.96, 0.965, 0.94, 0.95
), .Dim = c(10L, 26L), .Dimnames = list(NULL, c("overlapping.F1", 
"overlapping.F1v", "overlapping.F2", "overlapping.F3", "overlapping.F4", 
"neighborhood.N1", "neighborhood.N2", "neighborhood.N3", "neighborhood.N4", 
"neighborhood.T1", "neighborhood.LSCAvg", "linearity.L1", "linearity.L2", 
"linearity.L3", "dimensionality.T2", "dimensionality.T3", "dimensionality.T4", 
"balance.C1", "balance.C2", "network.Density", "network.ClsCoef", 
"network.Hubs", "ANN", "C4.5", "kNN", "SVM")))
