aux <-
structure(c(Inf, 10.5353724998486, 0, 0.36563800933459, 0.766340709030935, 
0.456854901256409, 0.741757368170431, 0.162743932722276, 0.197596640601005, 
0.580504646386452, 0.00330684185292546, 0.0193749244139007, 0.0276718407590689, 
0.0503690670374342, 97.2, 119.63076923077, 0.8125, 0.6028688232301, 
2.02672876159651, 0.131008488641936, 0.435230399356952, 0.432944434452943, 
0.993060107263212, 0.925933299649409, 0.830378148403954, 0.902226692810336
), .Names = c("overlapping.F1", "overlapping.F1v", "overlapping.F2", 
"overlapping.F3", "overlapping.F4", "neighborhood.N1", "neighborhood.N2", 
"neighborhood.N3", "neighborhood.N4", "neighborhood.T1", "neighborhood.LSCAvg", 
"linearity.L1", "linearity.L2", "linearity.L3", "dimensionality.T2", 
"dimensionality.T3", "dimensionality.T4", "balance.C1", "balance.C2", 
"network.Density", "network.ClsCoef", "network.Hubs", "ANN", 
"C4.5", "kNN", "SVM"))
