aux <-
structure(c(Inf, Inf, Inf, Inf, Inf, Inf, Inf, Inf, Inf, Inf, 
10.5815657520983, 10.3896164371922, 10.4226042648548, 10.5168831765081, 
10.3651139158979, 10.9872061070837, 10.1582929913486, 10.4587313441909, 
10.7378822104664, 10.7358287988452, 0, 0, 0, 0, 0, 0, 0, 0, 0, 
0, 0.367132445173847, 0.36310661941585, 0.369458280284259, 0.368611925373049, 
0.365407616697778, 0.361451451175715, 0.365534295692234, 0.361080604108461, 
0.36892288707764, 0.365673968347063, 0.766082886441489, 0.767781639575721, 
0.767274007713436, 0.766040356283918, 0.762966275584245, 0.768502621782893, 
0.767973995698312, 0.76570746317101, 0.764436219511383, 0.766641624546939, 
0.445016077170418, 0.448586118251928, 0.456885456885457, 0.447588424437299, 
0.453024453024453, 0.450514138817481, 0.460154241645244, 0.467524115755627, 
0.45694087403599, 0.482315112540193, 0.740479548660085, 0.739803094233474, 
0.738823529411765, 0.743626062322946, 0.749525616698292, 0.741889985895628, 
0.745626477541371, 0.739990579368818, 0.736842105263158, 0.740966682308775, 
0.162700964630225, 0.165809768637532, 0.158301158301158, 0.162057877813505, 
0.165379665379665, 0.161311053984576, 0.165167095115681, 0.160128617363344, 
0.163239074550129, 0.163344051446945, 0.214147909967846, 0.190231362467866, 
0.186615186615187, 0.184565916398714, 0.211711711711712, 0.207583547557841, 
0.184447300771208, 0.203858520900322, 0.188303341902314, 0.204501607717042, 
0.590353697749196, 0.573907455012853, 0.574646074646075, 0.579421221864952, 
0.586872586872587, 0.577120822622108, 0.587403598971722, 0.57427652733119, 
0.575835475578406, 0.585209003215434, 0.00333743447648391, 0.00338931807217769, 
0.00330073592621855, 0.00325885795225442, 0.00312267590259868, 
0.00329390831411371, 0.00323938845236286, 0.00332420053556105, 
0.0034839017717303, 0.00331799712575346, 0.0188238854762903, 
0.0218320545243934, 0.0183721801295976, 0.0196559437535802, 0.0203343713372282, 
0.021418011860079, 0.017252461063, 0.0218704133351123, 0.0176578386650681, 
0.0165320839946574, 0.0269653191709369, 0.0289197318645794, 0.0292689649514696, 
0.0285814038931228, 0.0283564976274866, 0.0261277284832529, 0.0270476815277032, 
0.0300871781096548, 0.0251962435606857, 0.026167658401797, 0.0471406872141565, 
0.0560631086712978, 0.0516520242889694, 0.0621560847954696, 0.0544652474825865, 
0.0478702263586896, 0.0400273959896648, 0.0504269279520373, 0.0473424718156025, 
0.0465464958058678, 97.1875, 97.25, 97.125, 97.1875, 97.125, 
97.25, 97.25, 97.1875, 97.25, 97.1875, 119.615384615385, 119.692307692308, 
119.538461538462, 119.615384615385, 119.538461538462, 119.692307692308, 
119.692307692308, 119.615384615385, 119.692307692308, 119.615384615385, 
0.8125, 0.8125, 0.8125, 0.8125, 0.8125, 0.8125, 0.8125, 0.8125, 
0.8125, 0.8125, 0.602315725857406, 0.603449461091633, 0.602005216839407, 
0.6031395825271, 0.602005216839407, 0.603449461091633, 0.603449461091633, 
0.6031395825271, 0.603418798578278, 0.602315725857406, 2.02752606312017, 
2.02407576233423, 2.03071522396595, 2.0272496005885, 2.03071522396595, 
2.02407576233423, 2.02407576233423, 2.0272496005885, 2.02407855361319, 
2.02752606312017, 0.131587811973664, 0.13106902850908, 0.131090155558926, 
0.130154316006406, 0.13022000014917, 0.131189710610932, 0.130987196124947, 
0.131167363964792, 0.131296340687227, 0.131322962834217, 0.43622230346854, 
0.435308855456227, 0.435276934328807, 0.434340813781022, 0.433936784816217, 
0.43538561533119, 0.435483592496538, 0.435476605681755, 0.43559539725443, 
0.435277090954798, 0.42300493728, 0.424804839512196, 0.426926266714331, 
0.4347989939862, 0.442194406337491, 0.434193346606043, 0.437037579933697, 
0.43628801124562, 0.432359384744685, 0.437836578169166, 0.994219653179191, 
0.988372093023256, 0.982758620689655, 0.994219653179191, 1, 0.994186046511628, 
0.994186046511628, 0.988439306358382, 1, 0.994219653179191, 0.936416184971098, 
0.924418604651163, 0.896551724137931, 0.953757225433526, 0.959770114942529, 
0.918604651162791, 0.936046511627907, 0.878612716763006, 0.941860465116279, 
0.913294797687861, 0.791907514450867, 0.86046511627907, 0.718390804597701, 
0.942196531791908, 0.942528735632184, 0.779069767441861, 0.819767441860465, 
0.884393063583815, 0.755813953488372, 0.809248554913295, 0.907514450867052, 
0.877906976744186, 0.873563218390805, 0.907514450867052, 0.913793103448276, 
0.918604651162791, 0.895348837209302, 0.872832369942196, 0.947674418604651, 
0.907514450867052), .Dim = c(10L, 26L), .Dimnames = list(NULL, 
    c("overlapping.F1", "overlapping.F1v", "overlapping.F2", 
    "overlapping.F3", "overlapping.F4", "neighborhood.N1", "neighborhood.N2", 
    "neighborhood.N3", "neighborhood.N4", "neighborhood.T1", 
    "neighborhood.LSCAvg", "linearity.L1", "linearity.L2", "linearity.L3", 
    "dimensionality.T2", "dimensionality.T3", "dimensionality.T4", 
    "balance.C1", "balance.C2", "network.Density", "network.ClsCoef", 
    "network.Hubs", "ANN", "C4.5", "kNN", "SVM")))
