aux <-
structure(c(34.071626903915, 31.2761412311269, 31.8862394933625, 
30.9211913986361, 31.885174925471, 30.8434064876807, 31.6014146512204, 
31.1475996202121, 31.558723437672, 33.1080422670604, 59.0427004285685, 
61.0113305869839, 59.4135377731928, 60.3032848884243, 59.3415901742162, 
59.4192124166066, 61.0418194218008, 59.4564625138401, 60.2946643592278, 
60.659834220845, 0.000329415078701231, 0.00393988670869994, 0.00413513659582594, 
0.00038038715741569, 0.00437260720586178, 0.00365489442055914, 
0.00348201703290974, 0.00389117739516724, 0.00335130826985, 0.00495952409452294, 
0.489320987654321, 0.489197530864198, 0.472592592592593, 0.487345679012346, 
0.485432098765432, 0.477222222222222, 0.494382716049383, 0.473518518518519, 
0.490987654320988, 0.477654320987654, 0.988888888888889, 0.986913580246914, 
0.98962962962963, 0.988333333333333, 0.987777777777778, 0.988765432098765, 
0.987530864197531, 0.989444444444444, 0.988271604938272, 0.986851851851852, 
0.304444444444444, 0.298333333333333, 0.292777777777778, 0.297777777777778, 
0.300555555555556, 0.311111111111111, 0.300555555555556, 0.293888888888889, 
0.293333333333333, 0.300555555555556, 0.798735888905122, 0.792017356685016, 
0.793811320712525, 0.791255053231931, 0.794730832666611, 0.797683187094509, 
0.794812619209802, 0.787433271883192, 0.790140779626633, 0.798030413820697, 
0.228888888888889, 0.218888888888889, 0.218333333333333, 0.221666666666667, 
0.219444444444444, 0.226666666666667, 0.223333333333333, 0.215555555555556, 
0.215, 0.227777777777778, 0.123333333333333, 0.113333333333333, 
0.132222222222222, 0.121111111111111, 0.123888888888889, 0.112222222222222, 
0.117777777777778, 0.115555555555556, 0.116666666666667, 0.125, 
0.628888888888889, 0.643333333333333, 0.668333333333333, 0.645555555555556, 
0.628888888888889, 0.651666666666667, 0.616111111111111, 0.651111111111111, 
0.621111111111111, 0.626111111111111, 0.00734691358024691, 0.00724197530864198, 
0.00760956790123457, 0.00734228395061728, 0.00736944444444444, 
0.00730864197530864, 0.00741450617283951, 0.00731944444444444, 
0.00747067901234568, 0.00742592592592593, 0.00789166464426222, 
0.006529434876758, 0.00708477136611834, 0.00656444468658995, 
0.00689600816045475, 0.0072113520684108, 0.00652148959184199, 
0.00692476738953159, 0.00677615681426746, 0.00684230274172481, 
0.0122839506172839, 0.0116666666666667, 0.0121604938271605, 0.0111111111111111, 
0.0119135802469136, 0.012037037037037, 0.011358024691358, 0.0116049382716049, 
0.0117283950617284, 0.0116666666666667, 0.0182098765432099, 0.0170987654320988, 
0.0193827160493827, 0.0160493827160494, 0.017716049382716, 0.0190740740740741, 
0.0189506172839506, 0.017716049382716, 0.0178395061728395, 0.0178395061728395, 
38.2978723404255, 38.2978723404255, 38.2978723404255, 38.2978723404255, 
38.2978723404255, 38.2978723404255, 38.2978723404255, 38.2978723404255, 
38.2978723404255, 38.2978723404255, 138.461538461538, 138.461538461538, 
138.461538461538, 138.461538461538, 138.461538461538, 138.461538461538, 
138.461538461538, 138.461538461538, 138.461538461538, 138.461538461538, 
0.276595744680851, 0.276595744680851, 0.276595744680851, 0.276595744680851, 
0.276595744680851, 0.276595744680851, 0.276595744680851, 0.276595744680851, 
0.276595744680851, 0.276595744680851, 1, 1, 1, 1, 1, 1, 1, 1, 
1, 1, 1, 1, 1, 1, 1, 1, 1, 1, 1, 1, 0.0604539559014267, 0.0603545179420666, 
0.0605101599654129, 0.060329195231919, 0.0602909023531592, 0.0604026928540547, 
0.0604249274288185, 0.0601469952442715, 0.0605262182694089, 0.0605398060650979, 
0.795082982677233, 0.793112786185815, 0.796159082764812, 0.792725121004544, 
0.79343347460161, 0.795065985230257, 0.796139423832968, 0.793341931587801, 
0.795759393573784, 0.794902213236079, 0.087638907584155, 0.0868592575480485, 
0.0875951970898335, 0.087721372052981, 0.0879309953044834, 0.0875431394098175, 
0.08855242957095, 0.0877502013379333, 0.0882524050272409, 0.0879507825370034, 
0.825, 0.755, 0.835, 0.795, 0.815, 0.775, 0.795, 0.79, 0.81, 
0.83, 0.705, 0.665, 0.73, 0.71, 0.735, 0.735, 0.7, 0.715, 0.685, 
0.705, 0.805, 0.775, 0.795, 0.79, 0.815, 0.81, 0.785, 0.755, 
0.78, 0.81, 0.86, 0.805, 0.85, 0.83, 0.82, 0.835, 0.855, 0.815, 
0.83, 0.86), .Dim = c(10L, 26L), .Dimnames = list(NULL, c("overlapping.F1", 
"overlapping.F1v", "overlapping.F2", "overlapping.F3", "overlapping.F4", 
"neighborhood.N1", "neighborhood.N2", "neighborhood.N3", "neighborhood.N4", 
"neighborhood.T1", "neighborhood.LSCAvg", "linearity.L1", "linearity.L2", 
"linearity.L3", "dimensionality.T2", "dimensionality.T3", "dimensionality.T4", 
"balance.C1", "balance.C2", "network.Density", "network.ClsCoef", 
"network.Hubs", "ANN", "C4.5", "kNN", "SVM")))
