aux <-
structure(c(31.8299560416357, 59.9984436783706, 0.00324963539595136, 
0.483765432098766, 0.988240740740741, 0.299333333333333, 0.793865072383604, 
0.221555555555556, 0.120111111111111, 0.638111111111111, 0.00738493827160494, 
0.00692423923399599, 0.0117530864197531, 0.0179876543209877, 
38.2978723404255, 138.461538461538, 0.276595744680851, 1, 1, 
0.0603979371255636, 0.79457223946949, 0.0877794687462446, 0.8025, 
0.7085, 0.792, 0.836), .Names = c("overlapping.F1", "overlapping.F1v", 
"overlapping.F2", "overlapping.F3", "overlapping.F4", "neighborhood.N1", 
"neighborhood.N2", "neighborhood.N3", "neighborhood.N4", "neighborhood.T1", 
"neighborhood.LSCAvg", "linearity.L1", "linearity.L2", "linearity.L3", 
"dimensionality.T2", "dimensionality.T3", "dimensionality.T4", 
"balance.C1", "balance.C2", "network.Density", "network.ClsCoef", 
"network.Hubs", "ANN", "C4.5", "kNN", "SVM"))
