aux <-
structure(c(0.299542175959788, 0.308905907985414, 0.302742437481626, 
0.343990419243685, 0.355569776015095, 0.272560949135603, 0.277465953610844, 
0.30954810169305, 0.265622874294269, 0.283475896287937, 0.869811497413708, 
0.833584845010843, 0.874785568011898, 0.976656095152018, 0.860000897940037, 
0.894920120901117, 0.851580159375274, 0.903644260515027, 0.845310010100639, 
0.89672338065239, 0.765928515928516, 0.721380471380471, 0.765928515928516, 
0.74980574980575, 0.765928515928516, 0.765928515928516, 0.750777000777001, 
0.765928515928516, 0.765928515928516, 0.87956487956488, 0.0358786636516649, 
0.0358521994416404, 0.0331433911525885, 0.0375425734795737, 0.0358377714451212, 
0.0346293520131695, 0.0393248202421802, 0.0366075943858449, 0.034722594287503, 
0.0354055151135901, 0.0372991491407033, 0.0438333119258638, 0.0398748775111159, 
0.0454890233500095, 0.0425092326230854, 0.0416857246614955, 0.0417379424980735, 
0.0436639670341708, 0.0404808896063421, 0.0427867740517147, 0.748679245283019, 
0.752825923134891, 0.730015082956259, 0.732075471698113, 0.742081447963801, 
0.73604826546003, 0.739622641509434, 0.725490196078431, 0.736603773584906, 
0.738310708898944, 1.11943171945344, 1.13931251512951, 1.14226938140979, 
1.12018692514738, 1.10772553415985, 1.12721750867721, 1.09334257288522, 
1.09378336259947, 1.1504923963288, 1.14031224426056, 0.535849056603774, 
0.532780708364732, 0.532428355957768, 0.537358490566038, 0.527149321266968, 
0.52262443438914, 0.516981132075472, 0.523378582202112, 0.534339622641509, 
0.536199095022624, 0.478490566037736, 0.504898266767144, 0.491704374057315, 
0.477735849056604, 0.503770739064857, 0.481900452488688, 0.481509433962264, 
0.521116138763198, 0.496603773584906, 0.479638009049774, 0.729811320754717, 
0.746043707611153, 0.739064856711916, 0.735094339622641, 0.733785822021116, 
0.730015082956259, 0.728301886792453, 0.735294117647059, 0.73811320754717, 
0.729260935143288, 0.00138640085439658, 0.00131919004116577, 
0.00136781711176175, 0.00131690993236027, 0.00134393007696175, 
0.00138260432378079, 0.00133399786400854, 0.00135814855005699, 
0.00133171947312211, 0.00134051764341889, 0.191812237031382, 
0.237893762796423, 0.242177496017202, 0.234666637703789, 0.23395755220774, 
0.238650644001555, 0.188080891514756, 0.188699890836956, 0.238120608287463, 
0.188780234924618, 0.322724387504836, 0.327012698658706, 0.325032000924388, 
0.321972373501497, 0.314469032259033, 0.318325274952843, 0.321048601026379, 
0.318914234521382, 0.324625160466838, 0.314453388196348, 0.298991877894714, 
0.311020030850006, 0.320185830455876, 0.325189661945091, 0.331529126468554, 
0.311153203768981, 0.30812987096546, 0.299690270068294, 0.336056998159351, 
0.315088492122445, 73.6111111111111, 73.7222222222222, 73.6666666666667, 
73.6111111111111, 73.6666666666667, 73.6666666666667, 73.6111111111111, 
73.6666666666667, 73.6111111111111, 73.6666666666667, 662.5, 
663.5, 663, 662.5, 663, 663, 662.5, 663, 662.5, 663, 0.111111111111111, 
0.111111111111111, 0.111111111111111, 0.111111111111111, 0.111111111111111, 
0.111111111111111, 0.111111111111111, 0.111111111111111, 0.111111111111111, 
0.111111111111111, 0.970834498754479, 0.970975192673711, 0.971123400405248, 
0.971128540230034, 0.971123400405248, 0.971123400405248, 0.970834498754479, 
0.971123400405248, 0.970834498754479, 0.971123400405248, 1.0459553063531, 
1.04582049944208, 1.04554155468219, 1.04561604772224, 1.04554155468219, 
1.04554155468219, 1.0459553063531, 1.04554155468219, 1.0459553063531, 
1.04554155468219, 0.0749199110756427, 0.0744418340056445, 0.0743083183926691, 
0.0748822892321724, 0.0740112126127664, 0.0748740715444378, 0.0743932052670581, 
0.0746760010245027, 0.0739873453799236, 0.0744028003073508, 0.475151871728754, 
0.472671119971566, 0.473498428608118, 0.473079152262111, 0.473333389673174, 
0.474349304303527, 0.473561839652506, 0.476122902951332, 0.470200256218675, 
0.475885487848808, 0.226114020725871, 0.249041109664116, 0.225856290612014, 
0.241610092786292, 0.252000422524445, 0.248306548991954, 0.232724417431179, 
0.235357530143586, 0.246719879462183, 0.231950328652602, 0.506756756756757, 
0.527397260273973, 0.496598639455782, 0.533783783783784, 0.585034013605442, 
0.503401360544218, 0.533783783783784, 0.503401360544218, 0.608108108108108, 
0.469387755102041, 0.425675675675676, 0.561643835616438, 0.476190476190476, 
0.486486486486487, 0.496598639455782, 0.489795918367347, 0.581081081081081, 
0.469387755102041, 0.560810810810811, 0.435374149659864, 0.405405405405405, 
0.465753424657534, 0.448979591836735, 0.493243243243243, 0.448979591836735, 
0.448979591836735, 0.452702702702703, 0.421768707482993, 0.439189189189189, 
0.45578231292517, 0.533783783783784, 0.63013698630137, 0.54421768707483, 
0.527027027027027, 0.571428571428571, 0.496598639455782, 0.547297297297297, 
0.503401360544218, 0.614864864864865, 0.489795918367347), .Dim = c(10L, 
26L), .Dimnames = list(NULL, c("overlapping.F1", "overlapping.F1v", 
"overlapping.F2", "overlapping.F3", "overlapping.F4", "neighborhood.N1", 
"neighborhood.N2", "neighborhood.N3", "neighborhood.N4", "neighborhood.T1", 
"neighborhood.LSCAvg", "linearity.L1", "linearity.L2", "linearity.L3", 
"dimensionality.T2", "dimensionality.T3", "dimensionality.T4", 
"balance.C1", "balance.C2", "network.Density", "network.ClsCoef", 
"network.Hubs", "ANN", "C4.5", "kNN", "SVM")))
