aux <-
structure(c(0.301942449170731, 0.880701683507295, 0.76970991970992, 
0.0358944475212876, 0.0419360892402574, 0.738175275656783, 1.12340741600512, 
0.529908879909014, 0.491736760283249, 0.734478527680777, 0.00134812358710334, 
0.218283995532188, 0.320857715201225, 0.315703536269877, 73.65, 
662.85, 0.111111111111111, 0.971022423119342, 1.04570102396346, 
0.0744896988842168, 0.473785375321857, 0.238968064099424, 0.526765282195811, 
0.4983044828446, 0.448078376111644, 0.545855213614509), .Names = c("overlapping.F1", 
"overlapping.F1v", "overlapping.F2", "overlapping.F3", "overlapping.F4", 
"neighborhood.N1", "neighborhood.N2", "neighborhood.N3", "neighborhood.N4", 
"neighborhood.T1", "neighborhood.LSCAvg", "linearity.L1", "linearity.L2", 
"linearity.L3", "dimensionality.T2", "dimensionality.T3", "dimensionality.T4", 
"balance.C1", "balance.C2", "network.Density", "network.ClsCoef", 
"network.Hubs", "ANN", "C4.5", "kNN", "SVM"))
