aux <-
structure(c(Inf, 93.6727430674052, 2.41735356645158e-06, 0.31080235039251, 
0.920847485352084, 0.0357454538303512, 0.542770982740785, 0.0153420372763268, 
0.00727568160293118, 0.4234479827589, 0.0204446908060799, 1.14838740443551e-05, 
8.77698396905238e-06, 0.00141753567250076, 81.5806451612903, 
174.413793103448, 0.467741935483871, 0.99997114959331, 1.00001642446642, 
0.0748753482068471, 0.868421851477719, 0.0958773610237479, 0.983637408679605, 
0.904262083887682, 0.980249957098158, 0.987017253571507), .Names = c("overlapping.F1", 
"overlapping.F1v", "overlapping.F2", "overlapping.F3", "overlapping.F4", 
"neighborhood.N1", "neighborhood.N2", "neighborhood.N3", "neighborhood.N4", 
"neighborhood.T1", "neighborhood.LSCAvg", "linearity.L1", "linearity.L2", 
"linearity.L3", "dimensionality.T2", "dimensionality.T3", "dimensionality.T4", 
"balance.C1", "balance.C2", "network.Density", "network.ClsCoef", 
"network.Hubs", "ANN", "C4.5", "kNN", "SVM"))
