aux <-
structure(c(Inf, Inf, Inf, Inf, Inf, Inf, Inf, Inf, Inf, Inf, 
92.2410128787661, 95.1792719538347, 93.2255323643609, 94.1952228647694, 
93.7580309480633, 93.883170361288, 93.7205261296481, 93.2654873769605, 
93.6063144742939, 93.6528613220673, 9.60108908739957e-06, 8.3791322944578e-07, 
1.44016336310994e-06, 6.70330583556624e-06, 1.3965220490763e-06, 
1.55612456897074e-06, 0, 0, 1.10029009927224e-06, 1.53812743167495e-06, 
0.31527127387431, 0.33211793142942, 0.299618524609964, 0.312797212493406, 
0.296188743829922, 0.316669704700029, 0.302924881267412, 0.297622673658903, 
0.323618233160557, 0.311194324901177, 0.906808635025088, 0.931940406700698, 
0.918406148020435, 0.919035991687493, 0.918946955705288, 0.92980940977645, 
0.909097881349719, 0.915227660232283, 0.938445728761899, 0.920756036261485, 
0.0369638268432497, 0.0363780150257019, 0.0357990506329114, 0.03597548922712, 
0.033399209486166, 0.0365684917967978, 0.0320284697508897, 0.0359826018189007, 
0.0389559027091161, 0.0354034810126582, 0.54363453009884, 0.54219357541777, 
0.54351320095884, 0.543568576677192, 0.542728177513956, 0.544202828629709, 
0.541395736926257, 0.543398298245035, 0.541678110367184, 0.541396792573067, 
0.0166040719509785, 0.0154211150652432, 0.0146360759493671, 0.0154180668116228, 
0.0142292490118577, 0.0160110693813007, 0.0136417556346382, 0.0152234084618426, 
0.01700613011667, 0.0152294303797468, 0.00770903340581142, 0.00612890470541716, 
0.00830696202531645, 0.00751136588258549, 0.00533596837944664, 
0.00672069578968176, 0.00711743772241993, 0.00968762356662712, 
0.00850306505833498, 0.00573575949367089, 0.422415497133821, 
0.424080664294187, 0.426028481012658, 0.42439217236608, 0.422134387351779, 
0.427357185214469, 0.416370106761566, 0.430209568999605, 0.417638916353569, 
0.423852848101266, 0.0201659164691196, 0.020552379272718, 0.0204000401202732, 
0.0203846440427545, 0.0206246777796872, 0.0201614231373997, 0.0206086267622976, 
0.020409552082361, 0.0207231392460145, 0.0204165091481734, 2.75685851499581e-05, 
0, 0, 2.2785492828521e-05, 3.45229274628217e-05, 0, 2.99617350022502e-05, 
0, 0, 0, 2.19370406932108e-05, 0, 0, 2.19587176108914e-05, 2.19370406932108e-05, 
0, 2.19370406932108e-05, 0, 0, 0, 0.00183975498180129, 0.00113956279436381, 
0.00153400970664494, 0.00124941304094674, 0.00172960850773752, 
0.00120563371748081, 0.00148930366792045, 0.00149047167518971, 
0.00138028967850583, 0.00111730895441653, 81.5967741935484, 81.5806451612903, 
81.5483870967742, 81.5967741935484, 81.6129032258064, 81.5967741935484, 
81.5806451612903, 81.5806451612903, 81.5645161290323, 81.5483870967742, 
174.448275862069, 174.413793103448, 174.344827586207, 174.448275862069, 
174.48275862069, 174.448275862069, 174.413793103448, 174.413793103448, 
174.379310344828, 174.344827586207, 0.467741935483871, 0.467741935483871, 
0.467741935483871, 0.467741935483871, 0.467741935483871, 0.467741935483871, 
0.467741935483871, 0.467741935483871, 0.467741935483871, 0.467741935483871, 
0.999972296229967, 0.999971716130351, 0.999971792016563, 0.999968212516218, 
0.999969492021592, 0.999973305583817, 0.999972558730786, 0.999971720219101, 
0.999970474602987, 0.999969927881719, 1.00001577515028, 1.0000161046405, 
1.00001605872216, 1.00001808849209, 1.00001736348048, 1.00001519460236, 
1.00001562085711, 1.00001610540121, 1.00001681118477, 1.00001712213325, 
0.0745812305268375, 0.0748774371531876, 0.0747823780190061, 0.0748638583496864, 
0.0749518527228506, 0.0748126633209348, 0.0749557847966945, 0.0749946458534041, 
0.0749857479167866, 0.0749478834090824, 0.8674486388604, 0.868732222429764, 
0.86772806330632, 0.867915428480124, 0.868175630308834, 0.867818380530077, 
0.869529998307025, 0.869577561874798, 0.86933108406069, 0.86796150661916, 
0.0958277184729418, 0.0961796092237421, 0.0958137332291011, 0.0955780380726328, 
0.0957967824443637, 0.0959049464739314, 0.095935416421148, 0.0960097267559514, 
0.0961084076129831, 0.0956192315306833, 0.987522281639929, 0.97864768683274, 
0.987588652482269, 0.989304812834225, 0.991071428571429, 0.980392156862745, 
0.987544483985765, 0.983985765124555, 0.978685612788632, 0.971631205673759, 
0.896613190730838, 0.895017793594306, 0.927304964539007, 0.893048128342246, 
0.901785714285714, 0.916221033868093, 0.916370106761566, 0.900355871886121, 
0.8898756660746, 0.906028368794326, 0.989304812834225, 0.973309608540925, 
0.98936170212766, 0.987522281639929, 0.971428571428571, 0.987522281639929, 
0.96797153024911, 0.983985765124555, 0.980461811722913, 0.971631205673759, 
0.989304812834225, 0.98220640569395, 0.987588652482269, 0.989304812834225, 
0.991071428571429, 0.989304812834225, 0.98932384341637, 0.991103202846975, 
0.984014209591474, 0.976950354609929), .Dim = c(10L, 26L), .Dimnames = list(
    NULL, c("overlapping.F1", "overlapping.F1v", "overlapping.F2", 
    "overlapping.F3", "overlapping.F4", "neighborhood.N1", "neighborhood.N2", 
    "neighborhood.N3", "neighborhood.N4", "neighborhood.T1", 
    "neighborhood.LSCAvg", "linearity.L1", "linearity.L2", "linearity.L3", 
    "dimensionality.T2", "dimensionality.T3", "dimensionality.T4", 
    "balance.C1", "balance.C2", "network.Density", "network.ClsCoef", 
    "network.Hubs", "ANN", "C4.5", "kNN", "SVM")))
