aux <-
structure(c(2.98423577609909, 5.95856346878848, 0.00190462209385531, 
0.0334951756796866, 0.0732736646578346, 0.284213859688418, 0.565483631457559, 
0.199995804285274, 0.13236652173746, 0.373588268100158, 0.0176326593909643, 
0.141684335376914, 0.143477635353974, 0.136882381021339, 44.3571428571429, 
69, 0.642857142857143, 0.991230038716919, 1.02456432155637, 0.140643099018586, 
0.555044231857502, 0.242900928996947, 0.814478139081719, 0.842187309706491, 
0.795719157228108, 0.855209475094386), .Names = c("overlapping.F1", 
"overlapping.F1v", "overlapping.F2", "overlapping.F3", "overlapping.F4", 
"neighborhood.N1", "neighborhood.N2", "neighborhood.N3", "neighborhood.N4", 
"neighborhood.T1", "neighborhood.LSCAvg", "linearity.L1", "linearity.L2", 
"linearity.L3", "dimensionality.T2", "dimensionality.T3", "dimensionality.T4", 
"balance.C1", "balance.C2", "network.Density", "network.ClsCoef", 
"network.Hubs", "ANN", "C4.5", "kNN", "SVM"))
