aux <-
structure(c(2.94288772846677, 3.30053786907416, 2.82340289422879, 
2.81389645053586, 3.16923572152251, 3.10670362438211, 3.05259940676607, 
2.90741354077501, 2.83335734517824, 2.89232318006135, 5.97971537822787, 
6.46179592478751, 5.89030705399417, 5.71083829922041, 5.87767501907997, 
6.34676221877304, 5.9933189064976, 5.91370748968301, 5.6761792965831, 
5.73533510103809, 0.00147572437716373, 0.000783175450098748, 
0.00209223432641561, 0.00138216260108995, 0.00147572437716373, 
0.00139592260716145, 0.00146182554166383, 0.00527540408561564, 
0.00222832319501673, 0.00147572437716373, 0.035426731078905, 
0.0338164251207729, 0.0305958132045089, 0.0338709677419355, 0.035426731078905, 
0.0338164251207729, 0.035426731078905, 0.0338709677419355, 0.0305466237942122, 
0.0321543408360129, 0.07085346215781, 0.0950080515297907, 0.0660225442834139, 
0.0661290322580645, 0.0676328502415459, 0.0692431561996779, 0.07085346215781, 
0.0951612903225806, 0.0643086816720257, 0.067524115755627, 0.2914653784219, 
0.262479871175523, 0.28341384863124, 0.298387096774194, 0.270531400966184, 
0.273752012882448, 0.289855072463768, 0.270967741935484, 0.29903536977492, 
0.302250803858521, 0.575419201886769, 0.544085600336283, 0.564853203721938, 
0.565553533049556, 0.554178304335121, 0.562252320781742, 0.557510506226998, 
0.587056322724007, 0.581507852838992, 0.562419468674184, 0.206119162640902, 
0.180354267310789, 0.199677938808374, 0.206451612903226, 0.194847020933977, 
0.194847020933977, 0.20450885668277, 0.190322580645161, 0.205787781350482, 
0.217041800643087, 0.127214170692432, 0.119162640901771, 0.138486312399356, 
0.146774193548387, 0.0998389694041868, 0.13365539452496, 0.127214170692432, 
0.140322580645161, 0.152733118971061, 0.138263665594855, 0.399355877616747, 
0.357487922705314, 0.368760064412238, 0.369354838709677, 0.368760064412238, 
0.36231884057971, 0.34621578099839, 0.388709677419355, 0.389067524115756, 
0.385852090032154, 0.0173866367943243, 0.0189580464732744, 0.0176874346866645, 
0.0170889698231009, 0.0180452804551383, 0.0181619692926841, 0.0182164240835388, 
0.0163761706555671, 0.0164855615636728, 0.0179201000816782, 0.140824522202728, 
0.134795358053498, 0.142283014841368, 0.143713089180091, 0.141959777213964, 
0.13390754702265, 0.141198448821174, 0.1467314249939, 0.146578680066911, 
0.144851491372852, 0.143317230273752, 0.136876006441224, 0.144927536231884, 
0.145161290322581, 0.143317230273752, 0.135265700483092, 0.143317230273752, 
0.146774193548387, 0.14951768488746, 0.146302250803859, 0.136876006441224, 
0.109500805152979, 0.128824476650564, 0.143548387096774, 0.135265700483092, 
0.127214170692432, 0.148148148148148, 0.167741935483871, 0.118971061093248, 
0.152733118971061, 44.3571428571429, 44.3571428571429, 44.3571428571429, 
44.2857142857143, 44.3571428571429, 44.3571428571429, 44.3571428571429, 
44.2857142857143, 44.4285714285714, 44.4285714285714, 69, 69, 
69, 68.8888888888889, 69, 69, 69, 68.8888888888889, 69.1111111111111, 
69.1111111111111, 0.642857142857143, 0.642857142857143, 0.642857142857143, 
0.642857142857143, 0.642857142857143, 0.642857142857143, 0.642857142857143, 
0.642857142857143, 0.642857142857143, 0.642857142857143, 0.991586888795124, 
0.991076059838222, 0.991076059838222, 0.991305331583437, 0.991076059838222, 
0.991076059838222, 0.991076059838222, 0.991305331583437, 0.991361268008041, 
0.991361268008041, 1.02355490722861, 1.025, 1.025, 1.02435119649478, 
1.025, 1.025, 1.025, 1.02435119649478, 1.02419295767279, 1.02419295767279, 
0.14148875383097, 0.141099163679809, 0.141088774609111, 0.139574756370837, 
0.140595293750974, 0.141909511194224, 0.140413485013766, 0.14139871801553, 
0.140029306532871, 0.138833227187764, 0.558341236422965, 0.554725691529502, 
0.558660369825886, 0.555539521711283, 0.553596056100446, 0.55663820525699, 
0.55521297052092, 0.554303177408934, 0.553042411015589, 0.550382678782501, 
0.23846906678495, 0.248603161618688, 0.248663284431587, 0.241727645231229, 
0.239181106430408, 0.24723285710918, 0.251709149974864, 0.234372322272796, 
0.237372405630157, 0.241678290485611, 0.869565217391304, 0.72463768115942, 
0.840579710144927, 0.857142857142857, 0.797101449275362, 0.782608695652174, 
0.826086956521739, 0.8, 0.852941176470588, 0.794117647058823, 
0.869565217391304, 0.782608695652174, 0.768115942028985, 0.885714285714286, 
0.869565217391304, 0.797101449275362, 0.797101449275362, 0.828571428571429, 
0.955882352941177, 0.867647058823529, 0.855072463768116, 0.72463768115942, 
0.840579710144927, 0.785714285714286, 0.72463768115942, 0.869565217391304, 
0.753623188405797, 0.785714285714286, 0.867647058823529, 0.75, 
0.884057971014493, 0.797101449275362, 0.869565217391304, 0.885714285714286, 
0.855072463768116, 0.768115942028985, 0.855072463768116, 0.828571428571429, 
0.926470588235294, 0.882352941176471), .Dim = c(10L, 26L), .Dimnames = list(
    NULL, c("overlapping.F1", "overlapping.F1v", "overlapping.F2", 
    "overlapping.F3", "overlapping.F4", "neighborhood.N1", "neighborhood.N2", 
    "neighborhood.N3", "neighborhood.N4", "neighborhood.T1", 
    "neighborhood.LSCAvg", "linearity.L1", "linearity.L2", "linearity.L3", 
    "dimensionality.T2", "dimensionality.T3", "dimensionality.T4", 
    "balance.C1", "balance.C2", "network.Density", "network.ClsCoef", 
    "network.Hubs", "ANN", "C4.5", "kNN", "SVM")))
