aux <-
structure(c(26.6608953793509, 27.5274187815192, 2.13666846053911e-05, 
0.515818443158794, 0.863057308452171, 0.154243078328692, 0.503651191397722, 
0.0918068430496819, 0.0936714750512647, 0.443684617300782, 0.0227206508540953, 
0.0234379419359437, 0.027476347314755, 0.0208686439106047, 160.875, 
965.25, 0.166666666666667, 0.960669916089146, 1.03343028442303, 
0.113550596126525, 0.833236971777716, 0.158416441116376, 0.895414626316269, 
0.865573159296877, 0.905828043509309, 0.898682520189371), .Names = c("overlapping.F1", 
"overlapping.F1v", "overlapping.F2", "overlapping.F3", "overlapping.F4", 
"neighborhood.N1", "neighborhood.N2", "neighborhood.N3", "neighborhood.N4", 
"neighborhood.T1", "neighborhood.LSCAvg", "linearity.L1", "linearity.L2", 
"linearity.L3", "dimensionality.T2", "dimensionality.T3", "dimensionality.T4", 
"balance.C1", "balance.C2", "network.Density", "network.ClsCoef", 
"network.Hubs", "ANN", "C4.5", "kNN", "SVM"))
