aux <-
structure(c(27.6464059649677, 26.0605333519329, 27.1974434533581, 
26.1688723753469, 26.4408196475278, 26.5953711107082, 27.048966685087, 
26.1864273671202, 26.3781673987794, 26.8859464386812, 27.9039384252267, 
27.1290574110769, 27.7155128349993, 26.9836598623303, 27.7519165127936, 
27.6755290007842, 27.8242040478627, 27.6815240324327, 27.1909181651451, 
27.4179275225403, 2.72324469172691e-05, 1.53763809993156e-05, 
2.24861719742188e-05, 3.00811892680182e-05, 2.22191682027884e-05, 
1.77199039641641e-05, 2.39420099069972e-05, 2.43481776722367e-05, 
1.47013993105088e-05, 1.55599978383942e-05, 0.517157701843507, 
0.509621061532132, 0.524892106426428, 0.511265481370748, 0.522846308158269, 
0.510090866899931, 0.519031954125953, 0.511530993652611, 0.512349734996709, 
0.519398222581656, 0.846644243961163, 0.861793198895416, 0.867390087991785, 
0.863439733369066, 0.874477991008561, 0.863237168379824, 0.865285056706195, 
0.859055089992793, 0.866766966466494, 0.862483547750412, 0.156767955801105, 
0.149369711621482, 0.157113259668508, 0.15213261958211, 0.153514073562424, 
0.155068209290278, 0.153686755309964, 0.155532539271535, 0.155877783531849, 
0.153367875647668, 0.501193103575202, 0.491743642170174, 0.503725801086772, 
0.504553390285142, 0.507604687121596, 0.504301509947577, 0.504517234496959, 
0.506086794997791, 0.505815244635049, 0.506970505660962, 0.0916781767955801, 
0.0878950094974961, 0.0935773480662983, 0.0918666896908997, 0.0913486444482818, 
0.0922120531859782, 0.0916940079433604, 0.0916623511134127, 0.0944243051959261, 
0.0917098445595855, 0.0954765193370166, 0.0980832326023139, 0.0861533149171271, 
0.0882403729925747, 0.0946295976515282, 0.0918666896908997, 0.0941115524089104, 
0.102537545313309, 0.0945969273260832, 0.0910189982728843, 0.444924033149171, 
0.449145225349681, 0.440089779005525, 0.440165774477638, 0.442583318943188, 
0.443446727680884, 0.436366776031773, 0.445710340065596, 0.44726393923701, 
0.447150259067358, 0.0233851261312994, 0.0231214031407324, 0.0230628047640487, 
0.022502689001604, 0.0223237154480328, 0.0227661695613099, 0.0228663017160737, 
0.0222742740670277, 0.0226477076135716, 0.0222563170972524, 0.0234931162376995, 
0.0233400878516993, 0.0231843179727592, 0.0236029602080964, 0.022703904551504, 
0.0233400876242557, 0.0237938868888338, 0.0234947647231172, 0.0234235063067676, 
0.0240027869947043, 0.0272659433133044, 0.0268625112258618, 0.02723831665352, 
0.0278926734307236, 0.0272541933084885, 0.0276956571354846, 0.0271608469379899, 
0.0275637122001643, 0.0274790260149308, 0.0283505929270824, 0.0203000375779015, 
0.0220523732107108, 0.0223953636577278, 0.0209896113271683, 0.0203514171161114, 
0.0214915637861059, 0.0200561620874266, 0.0195219676048018, 0.019953701079457, 
0.0215742416586363, 160.888888888889, 160.861111111111, 160.888888888889, 
160.861111111111, 160.861111111111, 160.861111111111, 160.861111111111, 
160.916666666667, 160.916666666667, 160.833333333333, 965.333333333333, 
965.166666666667, 965.333333333333, 965.166666666667, 965.166666666667, 
965.166666666667, 965.166666666667, 965.5, 965.5, 965, 0.166666666666667, 
0.166666666666667, 0.166666666666667, 0.166666666666667, 0.166666666666667, 
0.166666666666667, 0.166666666666667, 0.166666666666667, 0.166666666666667, 
0.166666666666667, 0.960630782549961, 0.960646754468643, 0.960779943979201, 
0.960733040353904, 0.96065788708562, 0.960646754468643, 0.960658398865075, 
0.96067874959246, 0.960667620818955, 0.960599228708993, 1.03345864158661, 
1.03344977595149, 1.03333773835502, 1.03337840297357, 1.03344502002884, 
1.03344977595149, 1.0334330254238, 1.03342746961971, 1.0334322216919, 
1.03349077264785, 0.113803771044992, 0.113766373823475, 0.113665375210724, 
0.11332229243818, 0.113560646933229, 0.113599716551411, 0.113782836746557, 
0.113146295824738, 0.113375723510848, 0.113482929181095, 0.834323895473983, 
0.833514978925901, 0.833715363105577, 0.83242628486804, 0.83253580075073, 
0.833757905609319, 0.832983109830204, 0.832666231661285, 0.833526346116959, 
0.832919801435165, 0.157806441284033, 0.158954489170075, 0.158182978258612, 
0.157973882035188, 0.158320854783625, 0.158305282221977, 0.158466563871718, 
0.15852024484654, 0.158759519479932, 0.158874155212058, 0.895800933125972, 
0.874223602484472, 0.895800933125972, 0.899068322981366, 0.906832298136646, 
0.911490683229814, 0.903726708074534, 0.886292834890966, 0.895638629283489, 
0.885271317829457, 0.84447900466563, 0.864906832298137, 0.858475894245723, 
0.864906832298137, 0.87111801242236, 0.888198757763975, 0.860248447204969, 
0.864485981308411, 0.866043613707165, 0.872868217054264, 0.884914463452566, 
0.875776397515528, 0.906687402799378, 0.91304347826087, 0.91304347826087, 
0.920807453416149, 0.91304347826087, 0.90809968847352, 0.91588785046729, 
0.906976744186046, 0.895800933125972, 0.87888198757764, 0.895800933125972, 
0.902173913043478, 0.90527950310559, 0.906832298136646, 0.891304347826087, 
0.91588785046729, 0.895638629283489, 0.89922480620155), .Dim = c(10L, 
26L), .Dimnames = list(NULL, c("overlapping.F1", "overlapping.F1v", 
"overlapping.F2", "overlapping.F3", "overlapping.F4", "neighborhood.N1", 
"neighborhood.N2", "neighborhood.N3", "neighborhood.N4", "neighborhood.T1", 
"neighborhood.LSCAvg", "linearity.L1", "linearity.L2", "linearity.L3", 
"dimensionality.T2", "dimensionality.T3", "dimensionality.T4", 
"balance.C1", "balance.C2", "network.Density", "network.ClsCoef", 
"network.Hubs", "ANN", "C4.5", "kNN", "SVM")))
