aux <-
structure(c(322.454216410832, 427.097195383183, 408.462704204788, 
323.714716977287, 328.144742743173, 326.956088812108, 1426.91212510267, 
334.209534851253, 334.002921485996, 613.248436561825, 32.7351789762379, 
33.3603910619926, 34.7223075703056, 34.064943578443, 33.3415403026534, 
31.2121491105298, 32.3154859683049, 35.8090059527191, 30.9320966129449, 
32.8920129449819, 0.000266466725250815, 0.000196917049251946, 
0.000255738192506903, 0.000228455982112622, 0.000151132889147182, 
0.000355097766870915, 0.000165285414756487, 0.0010358299340043, 
0.000259085988080433, 0.000319982403153905, 0.616143130229738, 
0.625225328033436, 0.61926667328899, 0.613674349173032, 0.65619463872356, 
0.617333659045422, 0.647058729074722, 0.616840799462995, 0.634011967908952, 
0.659887091610081, 0.789581300037876, 0.799592014593511, 0.794732420148009, 
0.80022293810774, 0.801817914837951, 0.790566759895235, 0.813165678800188, 
0.788282048517221, 0.814987831306265, 0.787988793619739, 0.0688464662875711, 
0.069238578680203, 0.0659630606860158, 0.0665854648802274, 0.0665854648802274, 
0.0678172588832487, 0.0676142131979695, 0.0668020304568528, 0.0633116883116883, 
0.0651644336175396, 0.185700345884214, 0.183174652163291, 0.180455063174436, 
0.183007411108183, 0.182409699347256, 0.181703322373259, 0.184005971833672, 
0.186010000235571, 0.180680542805567, 0.180336644989432, 0.0363525588952072, 
0.0357360406091371, 0.0347067180840268, 0.0371498172959805, 0.0363377994315875, 
0.0359390862944162, 0.0361421319796954, 0.0379695431472081, 0.0330762987012987, 
0.035119772634998, 0.0400081234768481, 0.0424365482233503, 0.0424193221026994, 
0.0391798619569631, 0.0393828664230613, 0.0408121827411168, 0.0391878172588832, 
0.0332994923857868, 0.0395698051948052, 0.0385708485586683, 0.082859463850528, 
0.0850761421319797, 0.0858534605236452, 0.0848558668290702, 0.0850588712951685, 
0.08751269035533, 0.0824365482233503, 0.08751269035533, 0.080762987012987, 
0.0803897685749086, 0.0704805241127362, 0.0724545749697235, 0.0770958861154879, 
0.0703068013172295, 0.0706636457492118, 0.0717959648535134, 0.0699932077610863, 
0.0733404725707954, 0.0721704229212346, 0.0761159599753988, 0.015400335451123, 
0.0130999800478641, 0.0137068603583, 0.0150585243135604, 0.0104515687866875, 
0.0154702254444801, 0.0186925093005069, 0.0136260239897446, 0.0133097571062245, 
0.0151304336303251, 0.0189954179034623, 0.0131168261078286, 0.0153424423554215, 
0.0221019700587118, 0.0207201372623223, 0.016069262345588, 0.0162439241419454, 
0.0189152551934893, 0.0212854216906145, 0.0146550256305758, 0.0108440332314525, 
0.00892148929134164, 0.0106658891240744, 0.0129986554834772, 
0.0112102223814819, 0.0133597943562505, 0.00996449166032922, 
0.0119402671065599, 0.0127273609945245, 0.0118645481398031, 492.4, 
492.5, 492.7, 492.6, 492.6, 492.5, 492.5, 492.5, 492.8, 492.6, 
2462, 2462.5, 2463.5, 2463, 2463, 2462.5, 2462.5, 2462.5, 2464, 
2463, 0.2, 0.2, 0.2, 0.2, 0.2, 0.2, 0.2, 0.2, 0.2, 0.2, 0.273247086970218, 
0.273205198211623, 0.274101806261198, 0.274287240066109, 0.273636942306767, 
0.273546104509434, 0.273205198211623, 0.273205198211623, 0.274709880187428, 
0.273636942306767, 7.11679707263628, 7.11836940685562, 7.09081686423992, 
7.08924720735781, 7.10456637184737, 7.10301165062578, 7.11836940685562, 
7.11836940685562, 7.07711855707277, 7.10456637184737, 0.175506619981839, 
0.175862634893013, 0.175687242428041, 0.175710525936139, 0.175613990614392, 
0.175524500323702, 0.175668578638967, 0.176516719105016, 0.175810996391471, 
0.176398803819369, 0.596416004256528, 0.596709086500147, 0.595995280421967, 
0.595695839725496, 0.595888751263975, 0.596186203174199, 0.595822426192414, 
0.595535027094039, 0.596533500975099, 0.596078063021212, 0.546087219124215, 
0.54873972311258, 0.557783086642934, 0.549532000766501, 0.548402441617981, 
0.553851256152689, 0.547489111544633, 0.54729157833428, 0.550593261880251, 
0.548591824143324, 0.963570127504554, 0.965328467153285, 0.954212454212454, 
0.96709323583181, 0.959780621572212, 0.974452554744526, 0.965328467153285, 
0.954379562043796, 0.963302752293578, 0.963436928702011, 0.963570127504554, 
0.965328467153285, 0.968864468864469, 0.978062157221207, 0.96526508226691, 
0.978102189781022, 0.968978102189781, 0.978102189781022, 0.957798165137615, 
0.974405850091408, 0.969034608378871, 0.968978102189781, 0.957875457875458, 
0.968921389396709, 0.96709323583181, 0.972627737226277, 0.956204379562044, 
0.967153284671533, 0.954128440366973, 0.968921389396709, 0.967213114754098, 
0.967153284671533, 0.963369963369963, 0.96526508226691, 0.963436928702011, 
0.968978102189781, 0.956204379562044, 0.958029197080292, 0.957798165137615, 
0.954296160877514), .Dim = c(10L, 26L), .Dimnames = list(NULL, 
    c("overlapping.F1", "overlapping.F1v", "overlapping.F2", 
    "overlapping.F3", "overlapping.F4", "neighborhood.N1", "neighborhood.N2", 
    "neighborhood.N3", "neighborhood.N4", "neighborhood.T1", 
    "neighborhood.LSCAvg", "linearity.L1", "linearity.L2", "linearity.L3", 
    "dimensionality.T2", "dimensionality.T3", "dimensionality.T4", 
    "balance.C1", "balance.C2", "network.Density", "network.ClsCoef", 
    "network.Hubs", "ANN", "C4.5", "kNN", "SVM")))
