aux <-
structure(c(484.520268253311, 33.1385112079113, 0.000323399234513551, 
0.630563636655093, 0.798093769986373, 0.0667928659881544, 0.182748365391488, 
0.0358529767073556, 0.0394866868322183, 0.0842318489152298, 0.0724417460346417, 
0.0143946218428816, 0.0177445682689959, 0.0114496751769295, 492.57, 
2462.85, 0.2, 0.273678159724279, 7.10412323161942, 0.175830061213195, 
0.596086018262508, 0.549836150331939, 0.963088517121151, 0.969847679999127, 
0.965093802489617, 0.962174437861176), .Names = c("overlapping.F1", 
"overlapping.F1v", "overlapping.F2", "overlapping.F3", "overlapping.F4", 
"neighborhood.N1", "neighborhood.N2", "neighborhood.N3", "neighborhood.N4", 
"neighborhood.T1", "neighborhood.LSCAvg", "linearity.L1", "linearity.L2", 
"linearity.L3", "dimensionality.T2", "dimensionality.T3", "dimensionality.T4", 
"balance.C1", "balance.C2", "network.Density", "network.ClsCoef", 
"network.Hubs", "ANN", "C4.5", "kNN", "SVM"))
