aux <-
structure(c(Inf, Inf, Inf, Inf, Inf, Inf, Inf, Inf, Inf, Inf, 
8.06953459077163, 7.37262816347863, 7.30840217625456, 8.04883560475481, 
7.70644784376777, 7.32508348108313, 7.51821143845237, 6.73902491701383, 
7.2494676519695, 7.8871061393023, 0, 0, 0, 0, 0, 0, 0, 0, 0, 
0, 0.268408551068884, 0.255041518386714, 0.265402843601896, 0.257109004739337, 
0.255041518386714, 0.280805687203791, 0.258600237247924, 0.252369668246446, 
0.244365361803084, 0.249110320284698, 1, 1, 1, 1, 0.997627520759193, 
1, 1, 1, 0.997627520759193, 1, 0.0688836104513064, 0.0711743772241993, 
0.0675355450236967, 0.0616113744075829, 0.0688018979833926, 0.0651658767772512, 
0.0640569395017794, 0.0710900473933649, 0.0604982206405694, 0.0676156583629893, 
0.452060956234319, 0.449737489934658, 0.44824106741202, 0.426914209552178, 
0.452038194989547, 0.454061286552625, 0.444403472505349, 0.442033754281283, 
0.450114528501912, 0.45159869916289, 0.0403800475059382, 0.0415183867141162, 
0.0390995260663507, 0.037914691943128, 0.0438908659549229, 0.0414691943127962, 
0.036773428232503, 0.0414691943127962, 0.0355871886120996, 0.0403321470937129, 
0.0320665083135392, 0.0486358244365362, 0.0402843601895735, 0.0390995260663507, 
0.033214709371293, 0.0343601895734597, 0.0474495848161329, 0.0545023696682464, 
0.0557532621589561, 0.0462633451957295, 0.146080760095012, 0.151838671411625, 
0.150473933649289, 0.132701421800948, 0.154211150652432, 0.143364928909953, 
0.141162514827995, 0.145734597156398, 0.151838671411625, 0.144721233689205, 
0.0753606671142681, 0.074227924052521, 0.0734190045147234, 0.0851030974147032, 
0.0752438967760456, 0.0757339233170863, 0.0748456692403704, 0.0789557175265605, 
0.0739014619031336, 0.0727785446823959, 0.0200234947798874, 0.0200405342064447, 
0.0206125529742192, 0.0173443266421495, 0.0190954608806562, 0.0211950120722363, 
0.0220676033818283, 0.0221515289998067, 0.0191504986026399, 0.0201472493765937, 
0.0201900237529691, 0.0189798339264532, 0.0201421800947867, 0.0177725118483413, 
0.0166073546856464, 0.018957345971564, 0.0201660735468565, 0.0225118483412322, 
0.0189798339264532, 0.0213523131672598, 0.0380047505938242, 0.0545670225385528, 
0.0687203791469194, 0.0651658767772512, 0.0581257413997628, 0.0556872037914692, 
0.0723606168446026, 0.0639810426540285, 0.0676156583629893, 0.0604982206405694, 
17.5416666666667, 17.5625, 17.5833333333333, 17.5833333333333, 
17.5625, 17.5833333333333, 17.5625, 17.5833333333333, 17.5625, 
17.5625, 842, 843, 844, 844, 843, 844, 843, 844, 843, 843, 0.0208333333333333, 
0.0208333333333333, 0.0208333333333333, 0.0208333333333333, 0.0208333333333333, 
0.0208333333333333, 0.0208333333333333, 0.0208333333333333, 0.0208333333333333, 
0.0208333333333333, 0.254785759116913, 0.259855708816563, 0.259624497719697, 
0.259624497719697, 0.259855708816563, 0.259624497719697, 0.259855708816563, 
0.259624497719697, 0.259855708816563, 0.259855708816563, 11.2167769506479, 
10.9148447454899, 10.9283298168057, 10.9283298168057, 10.9148447454899, 
10.9283298168057, 10.9148447454899, 10.9283298168057, 10.9148447454899, 
10.9148447454899, 0.175026337269567, 0.172830322651541, 0.173542358874028, 
0.175439780067801, 0.173416398283475, 0.173370888217998, 0.173565734862765, 
0.173134764691662, 0.171638447688523, 0.173746065826437, 0.693813878615145, 
0.702967691114667, 0.697099429004478, 0.683856999164635, 0.698468200836303, 
0.701383363588046, 0.699337469364324, 0.692457465855849, 0.705642004368118, 
0.689677243956496, 0.232852649974188, 0.230338276090987, 0.230199153355982, 
0.240150453059833, 0.234238749544575, 0.233330528952008, 0.231784146324742, 
0.231696065370085, 0.232761323655994, 0.230688426953302, 0.957894736842105, 
0.98936170212766, 0.989247311827957, 0.967741935483871, 0.968085106382979, 
0.935483870967742, 0.968085106382979, 0.989247311827957, 0.946808510638298, 
0.968085106382979, 0.926315789473684, 0.914893617021277, 0.946236559139785, 
0.935483870967742, 0.936170212765957, 0.946236559139785, 0.968085106382979, 
0.956989247311828, 0.957446808510638, 0.946808510638298, 0.957894736842105, 
0.98936170212766, 0.967741935483871, 0.956989247311828, 0.968085106382979, 
0.978494623655914, 0.968085106382979, 0.978494623655914, 0.946808510638298, 
0.968085106382979, 0.957894736842105, 0.978723404255319, 0.978494623655914, 
0.967741935483871, 0.968085106382979, 0.978494623655914, 0.978723404255319, 
0.978494623655914, 0.957446808510638, 0.968085106382979), .Dim = c(10L, 
26L), .Dimnames = list(NULL, c("overlapping.F1", "overlapping.F1v", 
"overlapping.F2", "overlapping.F3", "overlapping.F4", "neighborhood.N1", 
"neighborhood.N2", "neighborhood.N3", "neighborhood.N4", "neighborhood.T1", 
"neighborhood.LSCAvg", "linearity.L1", "linearity.L2", "linearity.L3", 
"dimensionality.T2", "dimensionality.T3", "dimensionality.T4", 
"balance.C1", "balance.C2", "network.Density", "network.ClsCoef", 
"network.Hubs", "ANN", "C4.5", "kNN", "SVM")))
