aux <-
structure(c(Inf, 7.52247420068485, 0, 0.258625471096949, 0.999525504151839, 
0.0666433547766132, 0.447120365912678, 0.0398434670748364, 0.0431629679789817, 
0.146212788360448, 0.0759569906541808, 0.0201828261916462, 0.0195659319261562, 
0.0604726512749969, 17.56875, 843.3, 0.0208333333333333, 0.259256229407852, 
10.950431994532, 0.17357110984338, 0.696470374586806, 0.23280397732817, 
0.968004069886453, 0.943466628135197, 0.968004069886453, 0.971218437308095
), .Names = c("overlapping.F1", "overlapping.F1v", "overlapping.F2", 
"overlapping.F3", "overlapping.F4", "neighborhood.N1", "neighborhood.N2", 
"neighborhood.N3", "neighborhood.N4", "neighborhood.T1", "neighborhood.LSCAvg", 
"linearity.L1", "linearity.L2", "linearity.L3", "dimensionality.T2", 
"dimensionality.T3", "dimensionality.T4", "balance.C1", "balance.C2", 
"network.Density", "network.ClsCoef", "network.Hubs", "ANN", 
"C4.5", "kNN", "SVM"))
