aux <-
structure(c(Inf, Inf, Inf, Inf, Inf, Inf, Inf, Inf, Inf, Inf, 
22.982095721493, 23.2024518388423, 22.9804168677209, 22.1566866348284, 
22.2484737341887, 22.8136519307155, 23.2478531333183, 23.1085371752699, 
23.7500697185408, 22.6294152930724, 0, 0, 0, 0, 0, 0, 0, 0, 0, 
0, 0.164819944598338, 0.198522622345337, 0.220119981541301, 0.164282418089525, 
0.166204986149584, 0.164358264081256, 0.185133887349954, 0.163434903047091, 
0.165666820489156, 0.163896583564174, 1, 1, 1, 1, 0.996768236380425, 
1, 1, 1, 1, 1, 0.14819944598338, 0.141735918744229, 0.156898938624827, 
0.147208121827411, 0.156971375807941, 0.145429362880886, 0.153739612188366, 
0.145891043397969, 0.143054914628519, 0.153739612188366, 0.818892153159543, 
0.813059475146629, 0.814581066393141, 0.809301714601997, 0.814152518420406, 
0.815675127762026, 0.813067906235593, 0.814666349032597, 0.815888865922595, 
0.814348215067003, 0.0983379501385042, 0.0914127423822715, 0.100599907706507, 
0.0941393631748962, 0.0992613111726685, 0.0937211449676824, 0.097876269621422, 
0.0918744228993536, 0.093216428241809, 0.0987996306555863, 0.0470914127423823, 
0.0447830101569714, 0.0512228887863406, 0.0452238117212736, 0.0498614958448753, 
0.03601108033241, 0.0526315789473684, 0.0420129270544783, 0.0516843562528842, 
0.0484764542936288, 0.82409972299169, 0.801939058171745, 0.807568066451315, 
0.805260729118597, 0.795475530932595, 0.799630655586334, 0.793167128347184, 
0.806094182825485, 0.795108444854638, 0.80517082179132, 0.0150429836071444, 
0.015764066335348, 0.0159986745853661, 0.0166692611345796, 0.015890463632961, 
0.0156903168159988, 0.0158768221033704, 0.0153688882750201, 0.0157231144092205, 
0.0154049104390953, 0.00058981462635379, 0.000645314672345585, 
0, 0.000821909662517313, 0.000978159933539304, 0.000836623343745916, 
0.000474678806677865, 0.000738945979520553, 0.000424891645085427, 
0.00107292212444347, 0.000461680517082175, 0.000461680517082175, 
0, 0.00046146746654363, 0.000461680517082175, 0.000461680517082175, 
0.000461680517082175, 0.000461680517082175, 0.00046146746654363, 
0.000461680517082175, 0.0660203139427517, 0.0544783010156972, 
0.0456852791878173, 0.063682510383018, 0.0544783010156972, 0.0692520775623269, 
0.0443213296398892, 0.0609418282548476, 0.0576834333179511, 0.0729455216989843, 
7.22, 7.22, 7.22333333333333, 7.22333333333333, 7.22, 7.22, 7.22, 
7.22, 7.22333333333333, 7.22, 17.0551181102362, 17.0551181102362, 
17.0629921259843, 17.0629921259843, 17.0551181102362, 17.0551181102362, 
17.1904761904762, 17.1904761904762, 17.0629921259843, 17.1904761904762, 
0.423333333333333, 0.423333333333333, 0.423333333333333, 0.423333333333333, 
0.423333333333333, 0.423333333333333, 0.42, 0.42, 0.423333333333333, 
0.42, 0.678174587964774, 0.678174587964774, 0.677993014674715, 
0.677993014674715, 0.678174587964774, 0.678174587964774, 0.678174587964774, 
0.678174587964774, 0.677993014674715, 0.677159632683044, 2.40034847448193, 
2.40034847448193, 2.40157580130155, 2.40157580130155, 2.40034847448193, 
2.40034847448193, 2.40034847448193, 2.40034847448193, 2.40157580130155, 
2.40721858373531, 0.169106856115614, 0.169266791629615, 0.16884809113109, 
0.169258426468376, 0.168656904202892, 0.169022836658926, 0.168492277247147, 
0.16814511055809, 0.169599733431166, 0.168432141493883, 0.497541394038344, 
0.499924595551117, 0.499737607749981, 0.498381464278877, 0.498008855445648, 
0.49812339584941, 0.500391695750579, 0.500002389069508, 0.49849267067956, 
0.497720050755307, 0.278355201590787, 0.277796458062546, 0.278099168396678, 
0.276137561936198, 0.276973999739985, 0.277025823245034, 0.305642538547741, 
0.278543942531924, 0.27743439563937, 0.277469219714587, 0.987551867219917, 
0.983402489626556, 0.975, 0.991666666666667, 0.983402489626556, 
0.983402489626556, 0.975103734439834, 0.987551867219917, 0.975, 
0.991701244813278, 0.995850622406639, 0.962655601659751, 0.983333333333333, 
0.979166666666667, 0.995850622406639, 0.970954356846473, 0.991701244813278, 
0.970954356846473, 0.970833333333333, 0.979253112033195, 0.892116182572614, 
0.846473029045643, 0.85, 0.866666666666667, 0.863070539419087, 
0.908713692946058, 0.846473029045643, 0.850622406639004, 0.841666666666667, 
0.871369294605809, 0.937759336099585, 0.883817427385892, 0.945833333333333, 
0.916666666666667, 0.921161825726141, 0.925311203319502, 0.933609958506224, 
0.912863070539419, 0.916666666666667, 0.937759336099585), .Dim = c(10L, 
26L), .Dimnames = list(NULL, c("overlapping.F1", "overlapping.F1v", 
"overlapping.F2", "overlapping.F3", "overlapping.F4", "neighborhood.N1", 
"neighborhood.N2", "neighborhood.N3", "neighborhood.N4", "neighborhood.T1", 
"neighborhood.LSCAvg", "linearity.L1", "linearity.L2", "linearity.L3", 
"dimensionality.T2", "dimensionality.T3", "dimensionality.T4", 
"balance.C1", "balance.C2", "network.Density", "network.ClsCoef", 
"network.Hubs", "ANN", "C4.5", "kNN", "SVM")))
