aux <-
structure(c(Inf, 22.911965204799, 0, 0.175644041125572, 0.999676823638042, 
0.149286834627189, 0.814363339174153, 0.0959239170960701, 0.0468999016132613, 
0.80335143410709, 0.0157429501338104, 0.000658326079422922, 0.000415469855266248, 
0.058948889601898, 7.221, 17.0980877390326, 0.422333333333333, 
0.678018620449583, 2.40140368345315, 0.16888291689368, 0.498832411916833, 
0.280347830940485, 0.983378284923928, 0.980055325034578, 0.863717150760719, 
0.923144882434301), .Names = c("overlapping.F1", "overlapping.F1v", 
"overlapping.F2", "overlapping.F3", "overlapping.F4", "neighborhood.N1", 
"neighborhood.N2", "neighborhood.N3", "neighborhood.N4", "neighborhood.T1", 
"neighborhood.LSCAvg", "linearity.L1", "linearity.L2", "linearity.L3", 
"dimensionality.T2", "dimensionality.T3", "dimensionality.T4", 
"balance.C1", "balance.C2", "network.Density", "network.ClsCoef", 
"network.Hubs", "ANN", "C4.5", "kNN", "SVM"))
