aux <-
structure(c(Inf, 8.59838789469831, 0, 0.64335924370581, 0.999540229885058, 
0.0381554486476728, 0.648163949914595, 0.0280878983163865, 0.000183865787694388, 
0.490784883804107, 0.0847569881118899, 0.00341067173419341, 0.00252831314654786, 
0.00891839962557686, 18.5923076923077, 39.5509090909091, 0.47008547008547, 
0.106682011134657, 35.0603059103872, 0.181864853219251, 0.419715325737943, 
0.455392669791897, 0.982214159985651, 0.978491722483507, 0.971866435284852, 
0.985936639824062), .Names = c("overlapping.F1", "overlapping.F1v", 
"overlapping.F2", "overlapping.F3", "overlapping.F4", "neighborhood.N1", 
"neighborhood.N2", "neighborhood.N3", "neighborhood.N4", "neighborhood.T1", 
"neighborhood.LSCAvg", "linearity.L1", "linearity.L2", "linearity.L3", 
"dimensionality.T2", "dimensionality.T3", "dimensionality.T4", 
"balance.C1", "balance.C2", "network.Density", "network.ClsCoef", 
"network.Hubs", "ANN", "C4.5", "kNN", "SVM"))
