aux <-
structure(c(Inf, Inf, Inf, Inf, Inf, Inf, Inf, Inf, Inf, Inf, 
8.31910894972073, 8.36161709108383, 8.94918203242008, 9.18914467753751, 
8.76223599814216, 8.84577494719164, 8.44586673319128, 8.0750738925117, 
8.69203192776713, 8.34384269741699, 0, 0, 0, 0, 0, 0, 0, 0, 0, 
0, 0.6484375, 0.642003676470588, 0.644301470588235, 0.643054277828887, 
0.645057471264368, 0.642758620689655, 0.63816091954023, 0.642298850574713, 
0.644761029411765, 0.642758620689655, 1, 1, 1, 1, 0.995402298850575, 
1, 1, 1, 1, 1, 0.0395220588235294, 0.0395220588235294, 0.0386029411764706, 
0.0367985280588776, 0.0377011494252874, 0.0381609195402299, 0.0381609195402299, 
0.0377011494252874, 0.0381433823529412, 0.0372413793103448, 0.649287840750619, 
0.644998291048757, 0.641022342815823, 0.646187061471969, 0.649413504991342, 
0.652052097924028, 0.649041099996505, 0.648324053327485, 0.650890585900764, 
0.650422620918663, 0.0289522058823529, 0.0294117647058824, 0.0284926470588235, 
0.0257589696412144, 0.0280459770114943, 0.0280459770114943, 0.0275862068965517, 
0.0294252873563218, 0.0271139705882353, 0.0280459770114943, 0, 
0.000459558823529412, 0, 0, 0.000459770114942529, 0, 0.000459770114942529, 
0, 0.000459558823529412, 0, 0.483455882352941, 0.4765625, 0.462775735294118, 
0.490340386384545, 0.490574712643678, 0.502988505747126, 0.495632183908046, 
0.493333333333333, 0.496323529411765, 0.515862068965517, 0.0842701209045199, 
0.0860323262462154, 0.0968993295847751, 0.0858864357477219, 0.0838764433875017, 
0.081631285506672, 0.0822588981371383, 0.0818705773550007, 0.0808219513678633, 
0.0840225128814903, 0.00481778009839519, 0.00516672476338576, 
0.00261702121129803, 0.00178627307212333, 0.00270473196974458, 
0.00336490362506248, 0.00254825691381238, 0.00449259455860302, 
0.00270701468633446, 0.00390141644317488, 0.00413602941176472, 
0.00321691176470584, 0.00183823529411764, 0.00229990800367985, 
0.00137931034482763, 0.00137931034482763, 0.00229885057471269, 
0.00413793103448279, 0.00229779411764708, 0.00229885057471269, 
0.00827205882352944, 0.00873161764705888, 0.0091911764705882, 
0.00873965041398339, 0.00597701149425289, 0.0101149425287357, 
0.0101149425287357, 0.0137931034482759, 0.00735294117647056, 
0.00689655172413794, 18.5982905982906, 18.5982905982906, 18.5982905982906, 
18.5811965811966, 18.5897435897436, 18.5897435897436, 18.5897435897436, 
18.5897435897436, 18.5982905982906, 18.5897435897436, 39.5636363636364, 
39.5636363636364, 39.5636363636364, 39.5272727272727, 39.5454545454545, 
39.5454545454545, 39.5454545454545, 39.5454545454545, 39.5636363636364, 
39.5454545454545, 0.47008547008547, 0.47008547008547, 0.47008547008547, 
0.47008547008547, 0.47008547008547, 0.47008547008547, 0.47008547008547, 
0.47008547008547, 0.47008547008547, 0.47008547008547, 0.107782496309204, 
0.107782496309204, 0.107782496309204, 0.105040575436822, 0.105001495812799, 
0.105001495812799, 0.107822531617266, 0.107822531617266, 0.107782496309204, 
0.105001495812799, 34.6040003007745, 34.6040003007745, 34.6040003007745, 
35.74032960199, 35.756993006993, 35.756993006993, 34.5878746389023, 
34.5878746389023, 34.6040003007745, 35.756993006993, 0.181746957403651, 
0.181922751859364, 0.181801893171062, 0.182064654827521, 0.181954340217196, 
0.181867208070298, 0.181615962947689, 0.182017785955228, 0.181646805273834, 
0.182010172466665, 0.419911123167759, 0.418457802377387, 0.421381205336054, 
0.419004073027995, 0.420149928301534, 0.417895045225356, 0.420812480024903, 
0.418368745883992, 0.419658600679173, 0.421514253355274, 0.470469784838518, 
0.456138281860221, 0.456057591847578, 0.451186463457882, 0.449895621610929, 
0.453632661005413, 0.447201023227805, 0.451681193803406, 0.459551899579358, 
0.458112176687863, 0.987551867219917, 0.983402489626556, 0.979253112033195, 
0.97119341563786, 0.987603305785124, 0.975206611570248, 0.991735537190083, 
0.991735537190083, 0.979253112033195, 0.975206611570248, 0.975103734439834, 
0.987551867219917, 0.987551867219917, 0.97119341563786, 0.983471074380165, 
0.975206611570248, 0.983471074380165, 0.966942148760331, 0.970954356846473, 
0.983471074380165, 0.975103734439834, 0.979253112033195, 0.966804979253112, 
0.97119341563786, 0.971074380165289, 0.975206611570248, 0.975206611570248, 
0.971074380165289, 0.966804979253112, 0.966942148760331, 0.987551867219917, 
0.987551867219917, 0.987551867219917, 0.983539094650206, 0.983471074380165, 
0.983471074380165, 0.987603305785124, 0.987603305785124, 0.987551867219917, 
0.983471074380165), .Dim = c(10L, 26L), .Dimnames = list(NULL, 
    c("overlapping.F1", "overlapping.F1v", "overlapping.F2", 
    "overlapping.F3", "overlapping.F4", "neighborhood.N1", "neighborhood.N2", 
    "neighborhood.N3", "neighborhood.N4", "neighborhood.T1", 
    "neighborhood.LSCAvg", "linearity.L1", "linearity.L2", "linearity.L3", 
    "dimensionality.T2", "dimensionality.T3", "dimensionality.T4", 
    "balance.C1", "balance.C2", "network.Density", "network.ClsCoef", 
    "network.Hubs", "ANN", "C4.5", "kNN", "SVM")))
