aux <-
structure(c(0.474460041274164, 0.44946483843229, Inf, 0.514023570056582, 
0.462350939128225, 0.514023570056582, 0.537051495284128, 0.520519310896031, 
0.457446858625231, 0.508439586351265, 1.42287851931126, 1.40874164775489, 
1.44301748599057, 1.46568846176802, 1.54868840128954, 1.39810002201532, 
1.41664822499697, 1.51155395792253, 1.44186227466571, 1.48367866111361, 
0.661920760380745, 0.662869070925703, 0, 0.661920760380745, 0.661920760380745, 
0.649885837464732, 0.661920760380745, 0.649885837464732, 0.673823623109645, 
0.803760923319476, 0.0144444444444444, 0.0144444444444444, 0.0144444444444444, 
0.0144444444444444, 0.0155555555555556, 0.0144444444444444, 0.0144444444444444, 
0.0133333333333333, 0.0111111111111111, 0.0144444444444444, 0.0244444444444444, 
0.0233333333333333, 0.0333333333333333, 0.0244444444444444, 0.0266666666666667, 
0.0266666666666667, 0.0244444444444444, 0.0244444444444444, 0.0222222222222222, 
0.0233333333333333, 0.458888888888889, 0.463333333333333, 0.446666666666667, 
0.44, 0.445555555555556, 0.445555555555556, 0.444444444444444, 
0.427777777777778, 0.45, 0.452222222222222, 0.834383892098596, 
0.837286542705975, 0.825032102455089, 0.819593853157718, 0.82714333623545, 
0.820608787764435, 0.828834947135536, 0.813931406551413, 0.824010467499256, 
0.833232946611682, 0.316666666666667, 0.317777777777778, 0.316666666666667, 
0.308888888888889, 0.31, 0.303333333333333, 0.317777777777778, 
0.296666666666667, 0.312222222222222, 0.314444444444444, 0.103333333333333, 
0.108888888888889, 0.108888888888889, 0.0911111111111111, 0.12, 
0.114444444444444, 0.1, 0.123333333333333, 0.102222222222222, 
0.104444444444444, 0.71, 0.725555555555556, 0.714444444444444, 
0.727777777777778, 0.726666666666667, 0.722222222222222, 0.717777777777778, 
0.707777777777778, 0.705555555555556, 0.723333333333333, 0.00608765432098765, 
0.00579753086419753, 0.00658641975308642, 0.00624814814814815, 
0.00617407407407407, 0.00616543209876543, 0.00654197530864198, 
0.00685061728395062, 0.00645061728395062, 0.00632592592592593, 
0.158157163515809, 0.16005600629605, 0.157404845085451, 0.160685105843317, 
0.159999561598365, 0.158277607556469, 0.158659262545855, 0.157811148979232, 
0.161574767556436, 0.156783877088349, 0.213333333333333, 0.203333333333333, 
0.216666666666667, 0.211111111111111, 0.208888888888889, 0.22, 
0.21, 0.208888888888889, 0.205555555555556, 0.215555555555556, 
0.183333333333333, 0.175555555555556, 0.176666666666667, 0.197777777777778, 
0.172222222222222, 0.2, 0.195555555555556, 0.187777777777778, 
0.172222222222222, 0.183333333333333, 18.3673469387755, 18.3673469387755, 
18.3673469387755, 18.3673469387755, 18.3673469387755, 18.3673469387755, 
18.3673469387755, 18.3673469387755, 18.3673469387755, 18.3673469387755, 
900, 900, 900, 900, 900, 900, 900, 900, 900, 900, 0.0204081632653061, 
0.0204081632653061, 0.0204081632653061, 0.0204081632653061, 0.0204081632653061, 
0.0204081632653061, 0.0204081632653061, 0.0204081632653061, 0.0204081632653061, 
0.0204081632653061, 0.881290899230693, 0.881290899230693, 0.881290899230693, 
0.881290899230693, 0.881290899230693, 0.881290899230693, 0.881290899230693, 
0.881290899230693, 0.881290899230693, 0.881290899230693, 1.38095238095238, 
1.38095238095238, 1.38095238095238, 1.38095238095238, 1.38095238095238, 
1.38095238095238, 1.38095238095238, 1.38095238095238, 1.38095238095238, 
1.38095238095238, 0.125329378321592, 0.125722407613398, 0.12567296996663, 
0.126125324434557, 0.125710048201706, 0.126150043257941, 0.126555431961439, 
0.125519713261649, 0.126283524904215, 0.125836114200964, 0.396038896569917, 
0.395442460781684, 0.397598699959543, 0.397137024250113, 0.397553091319311, 
0.397635761986163, 0.398222284605339, 0.397594262204928, 0.399317121061283, 
0.397097761870487, 0.279567898908248, 0.275046033790487, 0.28230947227662, 
0.278560284574573, 0.292034794130788, 0.27587154278787, 0.277800363029757, 
0.274537254384304, 0.278485397283962, 0.281001549449044, 0.78, 
0.7, 0.7, 0.72, 0.67, 0.72, 0.7, 0.73, 0.73, 0.72, 0.76, 0.72, 
0.76, 0.65, 0.74, 0.71, 0.7, 0.67, 0.72, 0.7, 0.61, 0.74, 0.7, 
0.64, 0.66, 0.66, 0.7, 0.69, 0.71, 0.67, 0.74, 0.76, 0.76, 0.72, 
0.71, 0.76, 0.76, 0.76, 0.72, 0.72), .Dim = c(10L, 26L), .Dimnames = list(
    NULL, c("overlapping.F1", "overlapping.F1v", "overlapping.F2", 
    "overlapping.F3", "overlapping.F4", "neighborhood.N1", "neighborhood.N2", 
    "neighborhood.N3", "neighborhood.N4", "neighborhood.T1", 
    "neighborhood.LSCAvg", "linearity.L1", "linearity.L2", "linearity.L3", 
    "dimensionality.T2", "dimensionality.T3", "dimensionality.T4", 
    "balance.C1", "balance.C2", "network.Density", "network.ClsCoef", 
    "network.Hubs", "ANN", "C4.5", "kNN", "SVM")))
