aux <-
structure(c(Inf, 1.45408576568284, 0.608790833380727, 0.0141111111111111, 
0.0253333333333333, 0.447444444444444, 0.826405828221515, 0.311444444444445, 
0.107666666666667, 0.718111111111111, 0.00632283950617284, 0.158940934606533, 
0.211333333333333, 0.184444444444444, 18.3673469387755, 900, 
0.0204081632653061, 0.881290899230693, 1.38095238095238, 0.125890495612409, 
0.397363736460877, 0.279521459061565, 0.717, 0.713, 0.678, 0.741
), .Names = c("overlapping.F1", "overlapping.F1v", "overlapping.F2", 
"overlapping.F3", "overlapping.F4", "neighborhood.N1", "neighborhood.N2", 
"neighborhood.N3", "neighborhood.N4", "neighborhood.T1", "neighborhood.LSCAvg", 
"linearity.L1", "linearity.L2", "linearity.L3", "dimensionality.T2", 
"dimensionality.T3", "dimensionality.T4", "balance.C1", "balance.C2", 
"network.Density", "network.ClsCoef", "network.Hubs", "ANN", 
"C4.5", "kNN", "SVM"))
