aux <-
structure(c(0.639123963591203, 0.752006873431744, 0.666899857102071, 
0.855325310199011, 0.636687978215622, 0.767905248110622, 0.748266384919397, 
0.639121124843082, 0.625175765324548, 0.563141908596454, 4.11319850843388, 
4.3038272145445, 4.28616259954785, 4.47377654215977, 3.99165050389809, 
4.91189665064908, 4.06332693807236, 4.55366034336512, 4.04158226933948, 
4.48002850899332, 0.530864197530864, 0.530864197530864, 0.530864197530864, 
0.530864197530864, 0.530864197530864, 0.530864197530864, 0.530864197530864, 
0.530864197530864, 0.530864197530864, 0.530864197530864, 0.100196026017999, 
0.100196026017999, 0.0924886394012296, 0.101367989056088, 0.101367989056088, 
0.101367989056088, 0.10077519379845, 0.0924886394012296, 0.101367989056088, 
0.0857729138166895, 0.666666666666667, 0.666666666666667, 0.666666666666667, 
0.666666666666667, 0.666666666666667, 0.666666666666667, 0.666666666666667, 
0.666666666666667, 0.666666666666667, 0.666666666666667, 0.744827586206897, 
0.737931034482759, 0.717241379310345, 0.734265734265734, 0.678321678321678, 
0.75, 0.729166666666667, 0.737931034482759, 0.762237762237762, 
0.734265734265734, 0.547101449275362, 0.517006802721088, 0.514814814814815, 
0.568904593639576, 0.52014652014652, 0.554744525547445, 0.556737588652482, 
0.535971223021583, 0.57037037037037, 0.513888888888889, 0.2, 
0.16551724137931, 0.193103448275862, 0.195804195804196, 0.20979020979021, 
0.201388888888889, 0.1875, 0.206896551724138, 0.223776223776224, 
0.160839160839161, 0.23448275862069, 0.317241379310345, 0.303448275862069, 
0.293706293706294, 0.286713286713287, 0.284722222222222, 0.229166666666667, 
0.248275862068966, 0.314685314685315, 0.188811188811189, 0.586206896551724, 
0.537931034482759, 0.56551724137931, 0.58041958041958, 0.573426573426573, 
0.631944444444444, 0.569444444444444, 0.593103448275862, 0.664335664335664, 
0.517482517482518, 0.015743162901308, 0.016884661117717, 0.0148394768133175, 
0.0161377084454008, 0.0155508826837498, 0.0152874228395062, 0.0163001543209877, 
0.015077288941736, 0.0143283290136437, 0.0174091642623111, 0.113786541038307, 
0.1351142879563, 0.12510827060123, 0.141407910003149, 0.14593446082916, 
0.125854260155625, 0.130857405835832, 0.131928907806095, 0.120681025358559, 
0.112909871759275, 0.241610063582798, 0.212093068949524, 0.171224614287966, 
0.214298459525367, 0.214332163603561, 0.214541217003597, 0.216586474204758, 
0.184442662389735, 0.232712781776007, 0.196986458890938, 0.17654793155996, 
0.143342312147444, 0.171743237902019, 0.190348738079661, 0.177299312040286, 
0.146359629122967, 0.196471531676022, 0.168840544943191, 0.206409722635262, 
0.143301810107258, 36.25, 36.25, 36.25, 35.75, 35.75, 36, 36, 
36.25, 35.75, 35.75, 36.25, 36.25, 36.25, 35.75, 35.75, 36, 36, 
36.25, 35.75, 35.75, 1, 1, 1, 1, 1, 1, 1, 1, 1, 1, 0.955715171135041, 
0.955715171135041, 0.955715171135041, 0.957504442151002, 0.957504442151002, 
0.951864440889697, 0.956636140427167, 0.955715171135041, 0.957504442151002, 
0.957504442151002, 1.06135294507388, 1.06135294507388, 1.06135294507388, 
1.0590812664803, 1.0590812664803, 1.06620365498614, 1.06014434643144, 
1.06135294507388, 1.0590812664803, 1.0590812664803, 0.0924329501915709, 
0.0919540229885057, 0.093007662835249, 0.0931744312026002, 0.0926819659214025, 
0.0928515928515929, 0.0924630924630925, 0.0913793103448276, 0.0935684034275584, 
0.0948488131586723, 0.510160151541243, 0.509658639851813, 0.526485843040558, 
0.516056892387512, 0.518558364712211, 0.507508833922262, 0.512392381946256, 
0.501990974250066, 0.500532481363152, 0.508849182826658, 0.201832205666527, 
0.200027180802539, 0.170186567468906, 0.191306382392924, 0.214796560178524, 
0.211426725822925, 0.206333199441905, 0.209809412937005, 0.215877419951233, 
0.248980144858846, 0.666666666666667, 0.666666666666667, 0.733333333333333, 
0.705882352941177, 0.823529411764706, 0.6875, 0.625, 0.666666666666667, 
0.882352941176471, 0.470588235294118, 0.866666666666667, 0.733333333333333, 
0.866666666666667, 0.823529411764706, 0.941176470588235, 0.875, 
0.75, 0.866666666666667, 0.882352941176471, 0.588235294117647, 
0.666666666666667, 0.6, 0.733333333333333, 0.705882352941177, 
0.823529411764706, 0.5, 0.8125, 0.8, 0.647058823529412, 0.411764705882353, 
0.866666666666667, 0.733333333333333, 0.866666666666667, 0.823529411764706, 
0.941176470588235, 0.8125, 0.6875, 0.866666666666667, 0.882352941176471, 
0.647058823529412), .Dim = c(10L, 26L), .Dimnames = list(NULL, 
    c("overlapping.F1", "overlapping.F1v", "overlapping.F2", 
    "overlapping.F3", "overlapping.F4", "neighborhood.N1", "neighborhood.N2", 
    "neighborhood.N3", "neighborhood.N4", "neighborhood.T1", 
    "neighborhood.LSCAvg", "linearity.L1", "linearity.L2", "linearity.L3", 
    "dimensionality.T2", "dimensionality.T3", "dimensionality.T4", 
    "balance.C1", "balance.C2", "network.Density", "network.ClsCoef", 
    "network.Hubs", "ANN", "C4.5", "kNN", "SVM")))
