aux <-
structure(c(0.689365441433375, 4.32191100790035, 0.530864197530864, 
0.0977389394677949, 0.666666666666667, 0.732618861024034, 0.539968677707813, 
0.194461592047799, 0.270125324866704, 0.581981184524288, 0.0157558251339678, 
0.128358294134353, 0.209882796421425, 0.172066477021407, 36, 
36, 1, 0.956137903446104, 1.06080848476343, 0.0928362245385072, 
0.511219374584173, 0.207057579952133, 0.692818627450981, 0.819362745098039, 
0.670073529411765, 0.812745098039216), .Names = c("overlapping.F1", 
"overlapping.F1v", "overlapping.F2", "overlapping.F3", "overlapping.F4", 
"neighborhood.N1", "neighborhood.N2", "neighborhood.N3", "neighborhood.N4", 
"neighborhood.T1", "neighborhood.LSCAvg", "linearity.L1", "linearity.L2", 
"linearity.L3", "dimensionality.T2", "dimensionality.T3", "dimensionality.T4", 
"balance.C1", "balance.C2", "network.Density", "network.ClsCoef", 
"network.Hubs", "ANN", "C4.5", "kNN", "SVM"))
