aux <-
structure(c(0.0878486842615671, 0.0923652107961672, 0.097826171359047, 
0.0802682061027645, 0.088378726625922, 0.0924942902782218, 0.108975468975469, 
0.0885060869954997, 0.0858066064044919, 0.0897194363586876, 2.00371914302481, 
2.03911100024428, 2.06843618733744, 1.94432641338877, 1.92315931421744, 
1.89686612456263, 2.08290644072462, 1.92140532646982, 1.94685637516389, 
1.98449269546901, 1, 1, 1, 1, 1, 1, 1, 1, 1, 1, 0, 0, 0, 0, 0, 
0, 0, 0, 0, 0, 0, 0, 0, 0, 0, 0, 0, 0, 0, 0, 0.445109780439122, 
0.506986027944112, 0.494, 0.49500998003992, 0.47, 0.469061876247505, 
0.492, 0.442, 0.5, 0.506, 0.536101083032491, 0.556159420289855, 
0.552962298025135, 0.538321167883212, 0.522522522522523, 0.537614678899083, 
0.542805100182149, 0.555956678700361, 0.552727272727273, 0.537634408602151, 
0.17564870259481, 0.189620758483034, 0.194, 0.17564870259481, 
0.186, 0.183632734530938, 0.182, 0.19, 0.178, 0.164, 0.24750499001996, 
0.24750499001996, 0.276, 0.315369261477046, 0.26, 0.265469061876248, 
0.258, 0.258, 0.232, 0.262, 0.588822355289421, 0.612774451097804, 
0.612, 0.63872255489022, 0.584, 0.640718562874252, 0.644, 0.61, 
0.636, 0.604, 0.00451791028721001, 0.0043705005159342, 0.00456, 
0.00431073979784941, 0.00456, 0.00422707479253071, 0.004276, 
0.004416, 0.004404, 0.004536, 0.253490472963429, 0.249497734451815, 
0.248005550483592, 0.255493255878001, 0.255995582482966, 0.259483603810176, 
0.247992856073905, 0.256002400567085, 0.25598533165789, 0.253997354617493, 
0.253493013972056, 0.249500998003992, 0.248, 0.255489021956088, 
0.256, 0.259481037924152, 0.248, 0.256, 0.256, 0.254, 0.295409181636727, 
0.295409181636727, 0.306, 0.29940119760479, 0.288, 0.277445109780439, 
0.282, 0.298, 0.3, 0.28, 41.75, 41.75, 41.6666666666667, 41.75, 
41.6666666666667, 41.75, 41.6666666666667, 41.6666666666667, 
41.6666666666667, 41.6666666666667, 50.1, 50.1, 50, 50.1, 50, 
50.1, 50, 50, 50, 50, 0.833333333333333, 0.833333333333333, 0.833333333333333, 
0.833333333333333, 0.833333333333333, 0.833333333333333, 0.833333333333333, 
0.833333333333333, 0.833333333333333, 0.833333333333333, 0.999997126115038, 
0.999997126115038, 1, 0.999997126115038, 1, 0.999997126115038, 
1, 1, 1, 1, 1.00000796812749, 1.00000796812749, 1, 1.00000796812749, 
1, 1.00000796812749, 1, 1, 1, 1, 0.0948423153692615, 0.0950978043912176, 
0.0955831663326653, 0.0945868263473054, 0.0948617234468938, 0.0945548902195609, 
0.0947575150300601, 0.0950460921843687, 0.0951823647294589, 0.0954148296593186, 
0.430739394024644, 0.42872847387689, 0.428188629505012, 0.430200836464769, 
0.429254451775873, 0.430642892162087, 0.42831554871297, 0.429421686450322, 
0.430558468249308, 0.429918848728386, 0.219570993220075, 0.202815548917665, 
0.260466974869958, 0.207116563242486, 0.226193043836364, 0.216187279858414, 
0.215142055268505, 0.195916199263219, 0.187651857684274, 0.197707984124482, 
1, 1, 1, 1, 1, 1, 1, 1, 1, 1, 1, 1, 1, 1, 0.964285714285714, 
0.963636363636364, 1, 1, 1, 1, 0.745454545454545, 0.818181818181818, 
0.803571428571429, 0.836363636363636, 0.75, 0.763636363636364, 
0.803571428571429, 0.732142857142857, 0.785714285714286, 0.785714285714286, 
0.854545454545454, 0.927272727272727, 0.875, 0.945454545454545, 
0.946428571428571, 0.945454545454545, 0.910714285714286, 0.928571428571429, 
0.946428571428571, 0.928571428571429), .Dim = c(10L, 26L), .Dimnames = list(
    NULL, c("overlapping.F1", "overlapping.F1v", "overlapping.F2", 
    "overlapping.F3", "overlapping.F4", "neighborhood.N1", "neighborhood.N2", 
    "neighborhood.N3", "neighborhood.N4", "neighborhood.T1", 
    "neighborhood.LSCAvg", "linearity.L1", "linearity.L2", "linearity.L3", 
    "dimensionality.T2", "dimensionality.T3", "dimensionality.T4", 
    "balance.C1", "balance.C2", "network.Density", "network.ClsCoef", 
    "network.Hubs", "ANN", "C4.5", "kNN", "SVM")))
