aux <-
structure(c(0.0912188888157838, 1.98112790206027, 1, 0, 0, 0.482016766467066, 
0.543280463086423, 0.181855089820359, 0.262184830339321, 0.61710379241517, 
0.00441782253935243, 0.253594414298635, 0.253596407185629, 0.292166467065868, 
41.7, 50.04, 0.833333333333333, 0.999998850446015, 1.000003187251, 
0.0949927527710111, 0.429596922995026, 0.212876850028544, 1, 
0.992792207792208, 0.782435064935065, 0.920844155844156), .Names = c("overlapping.F1", 
"overlapping.F1v", "overlapping.F2", "overlapping.F3", "overlapping.F4", 
"neighborhood.N1", "neighborhood.N2", "neighborhood.N3", "neighborhood.N4", 
"neighborhood.T1", "neighborhood.LSCAvg", "linearity.L1", "linearity.L2", 
"linearity.L3", "dimensionality.T2", "dimensionality.T3", "dimensionality.T4", 
"balance.C1", "balance.C2", "network.Density", "network.ClsCoef", 
"network.Hubs", "ANN", "C4.5", "kNN", "SVM"))
