aux <-
structure(c(0.0149423540009296, 0.143486118465721, 1, 0, 0, 0.751896861359248, 
0.542187751298797, 0.299873613646796, 0.352739135586057, 0.417827583297398, 
0.00777187545746607, 0.342762907075192, 0.342761709810567, 0.332408445680267, 
45.075, 54.09, 0.833333333333333, 0.927436023759459, 1.2195027117996, 
0.092853264447834, 0.411908411756066, 0.21102070162657, 1, 0.597283041585626, 
0.833107807724368, 0.657266833379643), .Names = c("overlapping.F1", 
"overlapping.F1v", "overlapping.F2", "overlapping.F3", "overlapping.F4", 
"neighborhood.N1", "neighborhood.N2", "neighborhood.N3", "neighborhood.N4", 
"neighborhood.T1", "neighborhood.LSCAvg", "linearity.L1", "linearity.L2", 
"linearity.L3", "dimensionality.T2", "dimensionality.T3", "dimensionality.T4", 
"balance.C1", "balance.C2", "network.Density", "network.ClsCoef", 
"network.Hubs", "ANN", "C4.5", "kNN", "SVM"))
