aux <-
structure(c(0.00829542345058567, 0.0180193104087557, 0.0140870043217267, 
0.0143368871063192, 0.0174995136051642, 0.0158054058367136, 0.0130069019154532, 
0.0168251500409287, 0.0182689599325136, 0.013278983391135, 0.119837257631756, 
0.134801191152992, 0.161517293985946, 0.117238019862311, 0.154196849505451, 
0.161197534589608, 0.152713603637591, 0.149513709810946, 0.129535379270922, 
0.154310345209688, 1, 1, 1, 1, 1, 1, 1, 1, 1, 1, 0, 0, 0, 0, 
0, 0, 0, 0, 0, 0, 0, 0, 0, 0, 0, 0, 0, 0, 0, 0, 0.754612546125461, 
0.751851851851852, 0.759704251386322, 0.755555555555556, 0.757855822550832, 
0.75, 0.748613678373383, 0.74169741697417, 0.749077490774908, 
0.75, 0.520958083832335, 0.54954954954955, 0.548484848484848, 
0.547799696509863, 0.565151515151515, 0.534638554216867, 0.535338345864662, 
0.548435171385991, 0.527027027027027, 0.544494720965309, 0.284132841328413, 
0.3, 0.308687615526802, 0.303703703703704, 0.303142329020333, 
0.294444444444444, 0.295748613678373, 0.309963099630996, 0.293357933579336, 
0.305555555555556, 0.398523985239852, 0.35, 0.375231053604436, 
0.351851851851852, 0.340110905730129, 0.348148148148148, 0.382624768946396, 
0.346863468634686, 0.309963099630996, 0.324074074074074, 0.415129151291513, 
0.424074074074074, 0.423290203327172, 0.424074074074074, 0.432532347504621, 
0.425925925925926, 0.373382624768946, 0.422509225092251, 0.413284132841328, 
0.424074074074074, 0.00782260590133577, 0.00789094650205761, 
0.00757138317827259, 0.00755486968449931, 0.00747229919263635, 
0.0079320987654321, 0.00763288358315026, 0.00810514562710203, 
0.00796217371767814, 0.00777434842249657, 0.34318037629664, 0.34258986308308, 
0.341957190688088, 0.342594309837561, 0.341970457729221, 0.342582652363527, 
0.343804549757264, 0.343180529714849, 0.343181201842819, 0.342587939438874, 
0.343173431734317, 0.342592592592593, 0.341959334565619, 0.342592592592593, 
0.341959334565619, 0.342592592592593, 0.343807763401109, 0.343173431734317, 
0.343173431734317, 0.342592592592593, 0.343173431734317, 0.337037037037037, 
0.317929759704251, 0.351851851851852, 0.327171903881701, 0.331481481481481, 
0.316081330868762, 0.339483394833948, 0.333948339483395, 0.325925925925926, 
45.1666666666667, 45, 45.0833333333333, 45, 45.0833333333333, 
45, 45.0833333333333, 45.1666666666667, 45.1666666666667, 45, 
54.2, 54, 54.1, 54, 54.1, 54, 54.1, 54.2, 54.2, 54, 0.833333333333333, 
0.833333333333333, 0.833333333333333, 0.833333333333333, 0.833333333333333, 
0.833333333333333, 0.833333333333333, 0.833333333333333, 0.833333333333333, 
0.833333333333333, 0.927823136759533, 0.927278057597695, 0.92668132427126, 
0.927278057597695, 0.92668132427126, 0.927278057597695, 0.928415948382694, 
0.927823136759533, 0.927823136759533, 0.927278057597695, 1.21822520236801, 
1.22002283974115, 1.22199362283632, 1.22002283974115, 1.22199362283632, 
1.22002283974115, 1.21627290625473, 1.21822520236801, 1.21822520236801, 
1.22002283974115, 0.0927488387638035, 0.0931354359925789, 0.0924556719381119, 
0.0931079502508074, 0.0925925925925926, 0.0934652648938363, 0.0926336687889368, 
0.0928579710935741, 0.092557857186705, 0.092977392977393, 0.415327338730421, 
0.413323615083912, 0.407937967842637, 0.413016672708462, 0.409135389290952, 
0.411807161054969, 0.412376085068576, 0.413820580183506, 0.412568073240581, 
0.409771234356641, 0.206544448840527, 0.208367356831323, 0.225225458453366, 
0.207532342325076, 0.216557013078189, 0.20991424121785, 0.209418234624668, 
0.207435492942466, 0.207473063482849, 0.211739364469391, 1, 1, 
1, 1, 1, 1, 1, 1, 1, 1, 0.576271186440678, 0.590163934426229, 
0.65, 0.655737704918033, 0.533333333333333, 0.508196721311475, 
0.6, 0.542372881355932, 0.661016949152542, 0.655737704918033, 
0.796610169491525, 0.885245901639344, 0.85, 0.868852459016393, 
0.816666666666667, 0.836065573770492, 0.783333333333333, 0.76271186440678, 
0.813559322033898, 0.918032786885246, 0.661016949152542, 0.655737704918033, 
0.65, 0.655737704918033, 0.65, 0.655737704918033, 0.666666666666667, 
0.661016949152542, 0.661016949152542, 0.655737704918033), .Dim = c(10L, 
26L), .Dimnames = list(NULL, c("overlapping.F1", "overlapping.F1v", 
"overlapping.F2", "overlapping.F3", "overlapping.F4", "neighborhood.N1", 
"neighborhood.N2", "neighborhood.N3", "neighborhood.N4", "neighborhood.T1", 
"neighborhood.LSCAvg", "linearity.L1", "linearity.L2", "linearity.L3", 
"dimensionality.T2", "dimensionality.T3", "dimensionality.T4", 
"balance.C1", "balance.C2", "network.Density", "network.ClsCoef", 
"network.Hubs", "ANN", "C4.5", "kNN", "SVM")))
