aux <-
structure(c(Inf, 11.3915002132246, 0.9, 0.0251004016064257, 0.0251004016064257, 
0.321100300198791, 0.501728736500941, 0.133372481509203, 0.0976761426467394, 
0.465706486064498, 0.00632448684541431, 0.036096288970861, 0.0108301035806553, 
0.0547472986132908, 41.55, 49.86, 0.833333333333333, 0.998861063370379, 
1.00316197850455, 0.106147465666588, 0.435197752003898, 0.2349622356406, 
0.983798701298701, 0.989188311688312, 0.752349687349688, 0.963894901394901
), .Names = c("overlapping.F1", "overlapping.F1v", "overlapping.F2", 
"overlapping.F3", "overlapping.F4", "neighborhood.N1", "neighborhood.N2", 
"neighborhood.N3", "neighborhood.N4", "neighborhood.T1", "neighborhood.LSCAvg", 
"linearity.L1", "linearity.L2", "linearity.L3", "dimensionality.T2", 
"dimensionality.T3", "dimensionality.T4", "balance.C1", "balance.C2", 
"network.Density", "network.ClsCoef", "network.Hubs", "ANN", 
"C4.5", "kNN", "SVM"))
