aux <-
structure(c(Inf, 16.3629397215391, 16.3629397215391, 15.905714788843, 
16.1000626953799, 16.4322838591244, 14.817651075619, 16.4322838591244, 
16.1682777037105, 16.9668486132215, 12.0756632757488, 10.714958652096, 
11.0735858916113, 12.027031826933, 11.9329667660075, 11.9943719674135, 
11.1338325088878, 11.162963065921, 10.9263972678372, 10.8732309097901, 
0, 1, 1, 1, 1, 1, 1, 1, 1, 1, 0.251004016064257, 0, 0, 0, 0, 
0, 0, 0, 0, 0, 0.251004016064257, 0, 0, 0, 0, 0, 0, 0, 0, 0, 
0.329317269076305, 0.296593186372746, 0.322645290581162, 0.290581162324649, 
0.342685370741483, 0.317269076305221, 0.334, 0.327309236947791, 
0.317269076305221, 0.333333333333333, 0.499212598425197, 0.506389776357827, 
0.503215434083601, 0.496865203761755, 0.5056, 0.495238095238095, 
0.496815286624204, 0.539837398373984, 0.502415458937198, 0.471698113207547, 
0.136546184738956, 0.138276553106212, 0.12625250501002, 0.11623246492986, 
0.140280561122244, 0.124497991967871, 0.142, 0.134538152610442, 
0.13855421686747, 0.136546184738956, 0.104417670682731, 0.112224448897796, 
0.110220440881764, 0.0841683366733467, 0.0981963927855711, 0.100401606425703, 
0.084, 0.0943775100401606, 0.0923694779116466, 0.0963855421686747, 
0.455823293172691, 0.454909819639279, 0.474949899799599, 0.444889779559118, 
0.474949899799599, 0.467871485943775, 0.466, 0.48995983935743, 
0.502008032128514, 0.42570281124498, 0.00644747665360236, 0.00630117951333529, 
0.00620881040638391, 0.00663049545985759, 0.00618873016574231, 
0.00623780261608684, 0.006396, 0.00600796761342559, 0.00608054708795019, 
0.00674585893775907, 0.0301154073994243, 0.04007540741334, 0.0400733721244855, 
0.024046339130761, 0.0340633814413942, 0.0321237998557976, 0.0399948200972954, 
0.040157652114207, 0.0401557588459062, 0.0401569512859985, 0.0100401606425703, 
0.0120240480961924, 0.0120240480961924, 0.00801603206412826, 
0.0100200400801603, 0.00803212851405621, 0.012, 0.0120481927710844, 
0.0120481927710844, 0.0120481927710844, 0.0582329317269076, 0.064128256513026, 
0.0601202404809619, 0.0561122244488977, 0.0460921843687375, 0.0421686746987951, 
0.0659999999999999, 0.0622489959839357, 0.0502008032128514, 0.0421686746987951, 
41.5, 41.5833333333333, 41.5833333333333, 41.5833333333333, 41.5833333333333, 
41.5, 41.6666666666667, 41.5, 41.5, 41.5, 49.8, 49.9, 49.9, 49.9, 
49.9, 49.8, 50, 49.8, 49.8, 49.8, 0.833333333333333, 0.833333333333333, 
0.833333333333333, 0.833333333333333, 0.833333333333333, 0.833333333333333, 
0.833333333333333, 0.833333333333333, 0.833333333333333, 0.833333333333333, 
0.998836242071662, 0.998953942297457, 0.998953942297457, 0.998722060457908, 
0.998953942297457, 0.998836242071662, 0.998845535995202, 0.998836242071662, 
0.998836242071662, 0.998836242071662, 1.00323096557406, 1.0029037966538, 
1.0029037966538, 1.00354843900869, 1.0029037966538, 1.00323096557406, 
1.00320512820513, 1.00323096557406, 1.00323096557406, 1.00323096557406, 
0.105694407408305, 0.106059508575384, 0.105311023653733, 0.106518257398331, 
0.106115846150132, 0.10714083698981, 0.10749498997996, 0.105443908430503, 
0.106171163527349, 0.105524714552374, 0.434890608990641, 0.434926138354573, 
0.43338007202466, 0.436061407886074, 0.435590707851729, 0.436225344561842, 
0.436041953625619, 0.434702203589495, 0.434401552912066, 0.435757530242285, 
0.232844290520307, 0.252996303517558, 0.230037492054683, 0.229898019802078, 
0.237368707997085, 0.234197107975433, 0.229593773260929, 0.235428192077361, 
0.225552032123519, 0.24170643707705, 0.982142857142857, 1, 0.981818181818182, 
0.963636363636364, 0.981818181818182, 0.964285714285714, 1, 0.982142857142857, 
1, 0.982142857142857, 0.982142857142857, 1, 1, 0.963636363636364, 
0.981818181818182, 0.964285714285714, 1, 1, 1, 1, 0.75, 0.763636363636364, 
0.763636363636364, 0.654545454545455, 0.763636363636364, 0.696428571428571, 
0.685185185185185, 0.928571428571429, 0.75, 0.767857142857143, 
0.964285714285714, 1, 0.981818181818182, 0.927272727272727, 0.909090909090909, 
0.910714285714286, 0.981481481481482, 0.982142857142857, 0.982142857142857, 
1), .Dim = c(10L, 26L), .Dimnames = list(NULL, c("overlapping.F1", 
"overlapping.F1v", "overlapping.F2", "overlapping.F3", "overlapping.F4", 
"neighborhood.N1", "neighborhood.N2", "neighborhood.N3", "neighborhood.N4", 
"neighborhood.T1", "neighborhood.LSCAvg", "linearity.L1", "linearity.L2", 
"linearity.L3", "dimensionality.T2", "dimensionality.T3", "dimensionality.T4", 
"balance.C1", "balance.C2", "network.Density", "network.ClsCoef", 
"network.Hubs", "ANN", "C4.5", "kNN", "SVM")))
