aux <-
structure(c(Inf, 2.44040142142476, 0, 0.142320656608622, 0.209732728288107, 
0.354103840055094, 0.615537689809522, 0.238446638251822, 0.189317660318177, 
0.488604851357373, 0.0271338611615551, 0.121195856260166, 0.124836173371066, 
0.108610320202318, 10.4478260869565, 13.35, 0.782608695652174, 
0.733734271942548, 2.05718694080002, 0.149293048388299, 0.503903996448436, 
0.37906006823095, 0.798646723646724, 0.817185592185592, 0.718457468457469, 
0.786833536833537), .Names = c("overlapping.F1", "overlapping.F1v", 
"overlapping.F2", "overlapping.F3", "overlapping.F4", "neighborhood.N1", 
"neighborhood.N2", "neighborhood.N3", "neighborhood.N4", "neighborhood.T1", 
"neighborhood.LSCAvg", "linearity.L1", "linearity.L2", "linearity.L3", 
"dimensionality.T2", "dimensionality.T3", "dimensionality.T4", 
"balance.C1", "balance.C2", "network.Density", "network.ClsCoef", 
"network.Hubs", "ANN", "C4.5", "kNN", "SVM"))
