aux <-
structure(c(Inf, Inf, Inf, Inf, Inf, Inf, Inf, Inf, Inf, Inf, 
2.30195015436188, 2.3898123860127, 2.51876946176283, 2.44866974166003, 
2.1804373673933, 2.48979470096043, 2.60487471827801, 2.49892512576031, 
2.4575109954969, 2.51326956256125, 0, 0, 0, 0, 0, 0, 0, 0, 0, 
0, 0.145228215767635, 0.128630705394191, 0.149377593360996, 0.145833333333333, 
0.1375, 0.141666666666667, 0.154166666666667, 0.145833333333333, 
0.133891213389121, 0.141078838174274, 0.215767634854772, 0.203319502074689, 
0.224066390041494, 0.204166666666667, 0.204166666666667, 0.208333333333333, 
0.225, 0.204166666666667, 0.205020920502092, 0.203319502074689, 
0.365145228215768, 0.348547717842324, 0.390041493775934, 0.333333333333333, 
0.3875, 0.345833333333333, 0.333333333333333, 0.329166666666667, 
0.330543933054393, 0.377593360995851, 0.612107623318386, 0.617142857142857, 
0.608501118568233, 0.617070357554787, 0.631768953068592, 0.594713656387665, 
0.606129398410897, 0.606728538283063, 0.635198135198135, 0.626016260162602, 
0.253112033195021, 0.257261410788382, 0.236514522821577, 0.183333333333333, 
0.2625, 0.2375, 0.2, 0.2375, 0.267782426778243, 0.24896265560166, 
0.174273858921162, 0.219917012448133, 0.211618257261411, 0.154166666666667, 
0.1625, 0.195833333333333, 0.2, 0.208333333333333, 0.167364016736402, 
0.199170124481328, 0.452282157676349, 0.473029045643154, 0.464730290456432, 
0.504166666666667, 0.533333333333333, 0.483333333333333, 0.491666666666667, 
0.479166666666667, 0.523012552301255, 0.481327800829876, 0.0280298204232021, 
0.0274444310531843, 0.0282364284361495, 0.02671875, 0.0231423611111111, 
0.0330555555555556, 0.0264583333333333, 0.0275173611111111, 0.0258048703629138, 
0.0249307002289905, 0.16515702838011, 0.112098588087815, 0.12044678671423, 
0.117280282043903, 0.115261898489738, 0.110769419649455, 0.109599878870674, 
0.113064369537371, 0.123265318711618, 0.125014992116746, 0.128630705394191, 
0.128630705394191, 0.12448132780083, 0.116666666666667, 0.133333333333333, 
0.125, 0.116666666666667, 0.120833333333333, 0.121338912133891, 
0.132780082987552, 0.116182572614108, 0.107883817427386, 0.08298755186722, 
0.116666666666667, 0.133333333333333, 0.125, 0.0916666666666667, 
0.075, 0.104602510460251, 0.132780082987552, 10.4782608695652, 
10.4782608695652, 10.4782608695652, 10.4347826086957, 10.4347826086957, 
10.4347826086957, 10.4347826086957, 10.4347826086957, 10.3913043478261, 
10.4782608695652, 13.3888888888889, 13.3888888888889, 13.3888888888889, 
13.3333333333333, 13.3333333333333, 13.3333333333333, 13.3333333333333, 
13.3333333333333, 13.2777777777778, 13.3888888888889, 0.782608695652174, 
0.782608695652174, 0.782608695652174, 0.782608695652174, 0.782608695652174, 
0.782608695652174, 0.782608695652174, 0.782608695652174, 0.782608695652174, 
0.782608695652174, 0.736616657211023, 0.736616657211023, 0.736616657211023, 
0.730183560123214, 0.73828486614345, 0.730183560123214, 0.730183560123214, 
0.730183560123214, 0.731856983945078, 0.736616657211023, 2.04089005235602, 
2.04089005235602, 2.04089005235602, 2.07725184314564, 2.03157894736842, 
2.07725184314564, 2.07725184314564, 2.07725184314564, 2.06772287862513, 
2.04089005235602, 0.149412171507607, 0.14792531120332, 0.150345781466113, 
0.150976290097629, 0.148326359832636, 0.151743375174338, 0.149616457461646, 
0.150034867503487, 0.1469357617524, 0.147614107883817, 0.507911125547345, 
0.502429178154589, 0.498532892790216, 0.510312918091274, 0.499281705518417, 
0.498353659658223, 0.511992375373973, 0.51173376745351, 0.493121741877732, 
0.505370600019079, 0.377644791130016, 0.350297412269398, 0.389916694610402, 
0.374566461105642, 0.393771240425702, 0.394753686332717, 0.359007808554377, 
0.371769320669897, 0.370820566908632, 0.408052700302712, 0.807692307692308, 
0.846153846153846, 0.961538461538462, 0.703703703703704, 0.851851851851852, 
0.888888888888889, 0.666666666666667, 0.740740740740741, 0.75, 
0.769230769230769, 0.807692307692308, 0.884615384615385, 0.923076923076923, 
0.740740740740741, 0.962962962962963, 0.777777777777778, 0.62962962962963, 
0.777777777777778, 0.821428571428571, 0.846153846153846, 0.692307692307692, 
0.615384615384615, 0.730769230769231, 0.703703703703704, 0.851851851851852, 
0.703703703703704, 0.666666666666667, 0.703703703703704, 0.785714285714286, 
0.730769230769231, 0.807692307692308, 0.807692307692308, 0.807692307692308, 
0.777777777777778, 0.814814814814815, 0.777777777777778, 0.703703703703704, 
0.777777777777778, 0.785714285714286, 0.807692307692308), .Dim = c(10L, 
26L), .Dimnames = list(NULL, c("overlapping.F1", "overlapping.F1v", 
"overlapping.F2", "overlapping.F3", "overlapping.F4", "neighborhood.N1", 
"neighborhood.N2", "neighborhood.N3", "neighborhood.N4", "neighborhood.T1", 
"neighborhood.LSCAvg", "linearity.L1", "linearity.L2", "linearity.L3", 
"dimensionality.T2", "dimensionality.T3", "dimensionality.T4", 
"balance.C1", "balance.C2", "network.Density", "network.ClsCoef", 
"network.Hubs", "ANN", "C4.5", "kNN", "SVM")))
