aux <-
structure(c(Inf, 10.2453773683011, 0, 0.129911099822754, 0.572075643486921, 
0.809285714285714, 1.32926692100601, 0.657317574511819, 0.204280575539568, 
0.829393627954779, 0.0114090463057538, 0.0782643532964596, 0.104849110624143, 
0.10971888791169, 3.24418604651162, 9.24208333333333, 0.351162790697675, 
0.961978263852618, 1.03777368702548, 0.0587687862132654, 0.499590839406703, 
0.170996512128002, 0.380833333333333, 0.399583333333333, 0.390416666666667, 
0.412916666666667), .Names = c("overlapping.F1", "overlapping.F1v", 
"overlapping.F2", "overlapping.F3", "overlapping.F4", "neighborhood.N1", 
"neighborhood.N2", "neighborhood.N3", "neighborhood.N4", "neighborhood.T1", 
"neighborhood.LSCAvg", "linearity.L1", "linearity.L2", "linearity.L3", 
"dimensionality.T2", "dimensionality.T3", "dimensionality.T4", 
"balance.C1", "balance.C2", "network.Density", "network.ClsCoef", 
"network.Hubs", "ANN", "C4.5", "kNN", "SVM"))
