aux <-
structure(c(Inf, Inf, Inf, Inf, Inf, Inf, Inf, Inf, Inf, Inf, 
9.67269039548878, 9.23749130922372, 9.40109674825293, 10.0538763945535, 
8.85120291345325, 14.5278786824408, 9.36941918581709, 10.8113596847306, 
9.57527055040913, 10.9534878186409, 0, 0, 0, 0, 0, 0, 0, 0, 0, 
0, 0.148835952784929, 0.128722124375479, 0.118480805269092, 0.126548219915609, 
0.146077380079242, 0.130862768592626, 0.119889312917759, 0.13396838717041, 
0.129363489503785, 0.116362557618604, 0.584261284448762, 0.548272574195236, 
0.551273630661013, 0.573461930802454, 0.553137318241891, 0.641516198943866, 
0.547976130826196, 0.584136446622915, 0.564152285012254, 0.572568635114619, 
0.842857142857143, 0.834532374100719, 0.792857142857143, 0.828571428571429, 
0.814285714285714, 0.76978417266187, 0.798561151079137, 0.841726618705036, 
0.814285714285714, 0.755395683453237, 1.33888153771154, 1.36475323024783, 
1.29474412171508, 1.33306939245609, 1.41533569415336, 1.261718203442, 
1.32499121882684, 1.36305639070177, 1.3574569055761, 1.23866251522946, 
0.678571428571429, 0.690647482014389, 0.628571428571429, 0.685714285714286, 
0.692857142857143, 0.618705035971223, 0.654676258992806, 0.669064748201439, 
0.642857142857143, 0.611510791366906, 0.171428571428571, 0.201438848920863, 
0.2, 0.235714285714286, 0.25, 0.136690647482014, 0.18705035971223, 
0.273381294964029, 0.192857142857143, 0.194244604316547, 0.821428571428571, 
0.841726618705036, 0.8, 0.821428571428571, 0.878571428571429, 
0.820143884892086, 0.856115107913669, 0.820143884892086, 0.821428571428571, 
0.81294964028777, 0.0107142857142857, 0.0109207597950417, 0.0118877551020408, 
0.0113775510204082, 0.0106122448979592, 0.0122146886807101, 0.0110242741058951, 
0.0111795455721754, 0.011530612244898, 0.012628745924124, 0.0778077718648317, 
0.0879950506143696, 0.0775111567477832, 0.0799276955162237, 0.0843324895094126, 
0.0709724470180214, 0.0861850325111593, 0.0685620854091091, 0.0747489947493373, 
0.0746008090243478, 0.105511671375386, 0.11495634864733, 0.0955349726001704, 
0.102174889093524, 0.115899213462387, 0.0922641899540705, 0.121594907809378, 
0.100180509372956, 0.101191744656032, 0.0991826592701933, 0.148741866292466, 
0.112594507948776, 0.114482712106098, 0.102185270502362, 0.088361381716932, 
0.121735316912238, 0.117020832298472, 0.0935014052068109, 0.114871170038278, 
0.0836944160944707, 3.25581395348837, 3.23255813953488, 3.25581395348837, 
3.25581395348837, 3.25581395348837, 3.23255813953488, 3.23255813953488, 
3.23255813953488, 3.25581395348837, 3.23255813953488, 9.33333333333333, 
9.26666666666667, 9.33333333333333, 9.33333333333333, 9.33333333333333, 
8.6875, 9.26666666666667, 9.26666666666667, 9.33333333333333, 
9.26666666666667, 0.348837209302326, 0.348837209302326, 0.348837209302326, 
0.348837209302326, 0.348837209302326, 0.372093023255814, 0.348837209302326, 
0.348837209302326, 0.348837209302326, 0.348837209302326, 0.961323773450069, 
0.961947995934022, 0.960964135780684, 0.965773480031, 0.961323773450069, 
0.961947995934022, 0.961947995934022, 0.961947995934022, 0.961323773450069, 
0.9612817186282, 1.03825458374209, 1.03771095150744, 1.03894523081432, 
1.03442927403913, 1.03825458374209, 1.03771095150744, 1.03771095150744, 
1.03771095150744, 1.03825458374209, 1.03875480814528, 0.0606372045220966, 
0.0557814617870921, 0.0594039054470709, 0.0584789311408016, 0.0585817060637204, 
0.0619330622458555, 0.0551558752997602, 0.0573454280054218, 0.0613566289825283, 
0.0590136586383068, 0.513955196474477, 0.488575268817204, 0.49534486034581, 
0.491203518592563, 0.486633165829146, 0.504124820659971, 0.476223294279807, 
0.505441607367099, 0.515399679544241, 0.519006982156711, 0.175741036906268, 
0.182274694998788, 0.17703734745594, 0.179990699371763, 0.171041258314114, 
0.180357029617421, 0.159698881320692, 0.17012581035301, 0.155380503920534, 
0.158317859021495, 0.466666666666667, 0.5, 0.333333333333333, 
0.4, 0.466666666666667, 0.1875, 0.375, 0.5625, 0.266666666666667, 
0.25, 0.266666666666667, 0.3125, 0.4, 0.4, 0.533333333333333, 
0.1875, 0.5625, 0.625, 0.333333333333333, 0.375, 0.333333333333333, 
0.25, 0.333333333333333, 0.6, 0.733333333333333, 0.1875, 0.375, 
0.3125, 0.466666666666667, 0.3125, 0.4, 0.4375, 0.4, 0.533333333333333, 
0.466666666666667, 0.1875, 0.5, 0.5, 0.266666666666667, 0.4375
), .Dim = c(10L, 26L), .Dimnames = list(NULL, c("overlapping.F1", 
"overlapping.F1v", "overlapping.F2", "overlapping.F3", "overlapping.F4", 
"neighborhood.N1", "neighborhood.N2", "neighborhood.N3", "neighborhood.N4", 
"neighborhood.T1", "neighborhood.LSCAvg", "linearity.L1", "linearity.L2", 
"linearity.L3", "dimensionality.T2", "dimensionality.T3", "dimensionality.T4", 
"balance.C1", "balance.C2", "network.Density", "network.ClsCoef", 
"network.Hubs", "ANN", "C4.5", "kNN", "SVM")))
