aux <-
structure(c(Inf, 253.888390170179, 7.16626186193415e-06, 0.836283469616803, 
0.977865961199294, 0.0684944684944685, 0.184488312410797, 0.0252525252525252, 
0.0671957671957672, 0.161327561327561, 0.0478136920176362, 0.00580011392013418, 
0.00749559082892416, 0.013620330286997, 115.5, 519.75, 0.222222222222222, 
1, 1, 0.0984355679254621, 0.908720892594962, 0.14024608406009, 
0.959307359307359, 0.971861471861472, 0.967532467532467, 0.942424242424242
), .Names = c("overlapping.F1", "overlapping.F1v", "overlapping.F2", 
"overlapping.F3", "overlapping.F4", "neighborhood.N1", "neighborhood.N2", 
"neighborhood.N3", "neighborhood.N4", "neighborhood.T1", "neighborhood.LSCAvg", 
"linearity.L1", "linearity.L2", "linearity.L3", "dimensionality.T2", 
"dimensionality.T3", "dimensionality.T4", "balance.C1", "balance.C2", 
"network.Density", "network.ClsCoef", "network.Hubs", "ANN", 
"C4.5", "kNN", "SVM"))
