aux <-
structure(c(266.390251249594, 270.551796020717, 269.359311147532, 
271.551817313808, Inf, 259.255695619356, 256.284228608072, 262.710492800765, 
280.90981833775, 269.230047745837, 238.679271350079, 244.617596227589, 
240.836016960437, 238.883736703593, 353.923784561224, 247.235987649877, 
242.87087808493, 238.950950175369, 253.906381677064, 238.979298311631, 
7.82092827514287e-06, 4.7539069882406e-06, 7.28363546198527e-06, 
4.7503441653818e-06, 5.36555628597821e-06, 7.86628512237868e-06, 
7.84937723558463e-06, 9.76722603315938e-06, 7.68425977594484e-06, 
8.52109927554518e-06, 0.8337341670675, 0.83654000320667, 0.834455667789001, 
0.835337502004169, 0.849767516434183, 0.834054834054834, 0.833573833573834, 
0.833894500561167, 0.836940836940837, 0.834535834535835, 0.976831810165144, 
0.978274811608145, 0.977473144139811, 0.977072310405644, 0.978916145582812, 
0.979316979316979, 0.97651114317781, 0.977954144620811, 0.978916145582812, 
0.977392977392977, 0.063973063973064, 0.0692640692640693, 0.0702260702260702, 
0.0716690716690717, 0.062049062049062, 0.0707070707070707, 0.0687830687830688, 
0.0726310726310726, 0.0683020683020683, 0.0673400673400673, 0.183317118004182, 
0.184446020390867, 0.184835888817212, 0.18561648988321, 0.182381836699357, 
0.184002724689442, 0.187979741726278, 0.182637284809422, 0.183986848078029, 
0.185679171009971, 0.0254930254930255, 0.0254930254930255, 0.0274170274170274, 
0.0274170274170274, 0.0202020202020202, 0.0254930254930255, 0.025974025974026, 
0.0254930254930255, 0.025012025012025, 0.0245310245310245, 0.0548340548340548, 
0.0707070707070707, 0.063973063973064, 0.0644540644540645, 0.0591630591630592, 
0.0683020683020683, 0.0707070707070707, 0.0764790764790765, 0.0711880711880712, 
0.0721500721500721, 0.157768157768158, 0.156325156325156, 0.160654160654161, 
0.165464165464165, 0.16017316017316, 0.164021164021164, 0.158730158730159, 
0.168350168350168, 0.16017316017316, 0.161616161616162, 0.0478187125613773, 
0.0477902551014624, 0.0475306675402875, 0.0476016955093434, 0.0486180664150842, 
0.047929071979096, 0.0470688700606931, 0.0481400736330991, 0.0477685071239665, 
0.0478710002519526, 0.00597993336835573, 0.00541468911719627, 
0.00623550837208728, 0.00545708413178185, 0.00503187911594629, 
0.00622795819579491, 0.00569880507334597, 0.00607503261711069, 
0.00564938828828937, 0.00623086092143349, 0.00761584094917428, 
0.00697450697450698, 0.00801667468334135, 0.00745550745550746, 
0.00657367324033991, 0.0071348404681738, 0.00737534070867405, 
0.00809684143017476, 0.00793650793650793, 0.00777617444284111, 
0.0161936828603495, 0.0130671797338464, 0.0145903479236813, 0.0139490139490139, 
0.0122655122655123, 0.0126663459996793, 0.0137886804553471, 0.0137886804553471, 
0.0123456790123457, 0.0135481802148469, 115.5, 115.5, 115.5, 
115.5, 115.5, 115.5, 115.5, 115.5, 115.5, 115.5, 519.75, 519.75, 
519.75, 519.75, 519.75, 519.75, 519.75, 519.75, 519.75, 519.75, 
0.222222222222222, 0.222222222222222, 0.222222222222222, 0.222222222222222, 
0.222222222222222, 0.222222222222222, 0.222222222222222, 0.222222222222222, 
0.222222222222222, 0.222222222222222, 1, 1, 1, 1, 1, 1, 1, 1, 
1, 1, 1, 1, 1, 1, 1, 1, 1, 1, 1, 1, 0.0984416788074151, 0.0985703776849109, 
0.0983560338709521, 0.0983268682979944, 0.0990342491786188, 0.0984625113595277, 
0.0983569597621571, 0.0982356680143013, 0.0987157426040968, 0.0978555896746465, 
0.908742811386509, 0.908266505784369, 0.909198820856368, 0.908831547511939, 
0.909831341487773, 0.907735185622958, 0.908352389413818, 0.908937710672373, 
0.908634713384615, 0.908677899828897, 0.140091549018957, 0.140302416974643, 
0.140318736988734, 0.140120670619571, 0.140676462319129, 0.14001450390994, 
0.140375691677607, 0.140043342402051, 0.14038716314315, 0.140130303547122, 
0.961038961038961, 0.96969696969697, 0.96969696969697, 0.939393939393939, 
0.943722943722944, 0.956709956709957, 0.961038961038961, 0.965367965367965, 
0.952380952380952, 0.974025974025974, 0.982683982683983, 0.965367965367965, 
0.987012987012987, 0.948051948051948, 0.935064935064935, 0.982683982683983, 
0.978354978354978, 0.982683982683983, 0.974025974025974, 0.982683982683983, 
0.96969696969697, 0.952380952380952, 0.96969696969697, 0.974025974025974, 
0.939393939393939, 0.978354978354978, 0.965367965367965, 0.978354978354978, 
0.965367965367965, 0.982683982683983, 0.939393939393939, 0.935064935064935, 
0.982683982683983, 0.935064935064935, 0.913419913419913, 0.935064935064935, 
0.935064935064935, 0.974025974025974, 0.926406926406926, 0.948051948051948
), .Dim = c(10L, 26L), .Dimnames = list(NULL, c("overlapping.F1", 
"overlapping.F1v", "overlapping.F2", "overlapping.F3", "overlapping.F4", 
"neighborhood.N1", "neighborhood.N2", "neighborhood.N3", "neighborhood.N4", 
"neighborhood.T1", "neighborhood.LSCAvg", "linearity.L1", "linearity.L2", 
"linearity.L3", "dimensionality.T2", "dimensionality.T3", "dimensionality.T4", 
"balance.C1", "balance.C2", "network.Density", "network.ClsCoef", 
"network.Hubs", "ANN", "C4.5", "kNN", "SVM")))
