aux <-
structure(c(21.9641690814383, 21.4946661371476, 21.7799462851563, 
22.0197483191737, 21.7257890801, 22.0075210181456, 21.9033710138215, 
21.8831499156556, 22.242210578374, 22.3341452364474, 41.2893566097091, 
40.868534390275, 40.9676977257133, 41.4589917697076, 40.9882236692511, 
41.0915377343824, 40.9717222921701, 40.970849887382, 41.15604503971, 
41.2474525024208, 0.00941150664350965, 0.00910013261813314, 0.00913797615568757, 
0.00912267481132456, 0.00896724396973135, 0.00928891128347914, 
0.00908820501834793, 0.0090927402364045, 0.00876330137106023, 
0.00869190302708803, 0.391110789223131, 0.393908176546225, 0.395625134977548, 
0.397609425141572, 0.393748209985549, 0.393813834791706, 0.393347978338298, 
0.395863517290607, 0.390731301061608, 0.418739922982308, 0.808272581193021, 
0.807603707502381, 0.810543866046524, 0.811806531534158, 0.807938810011684, 
0.805471803059438, 0.806516074669632, 0.808031613776326, 0.803952177845847, 
0.818224074952446, 0.0250976017847183, 0.0265536092826063, 0.0264331920588891, 
0.0245371403078296, 0.0239901807632225, 0.0272108843537415, 0.0282145645143303, 
0.0273254517064466, 0.0271054099274958, 0.0274492300825709, 0.402403913014766, 
0.402327724519132, 0.402738292213661, 0.402033080002482, 0.402340370774155, 
0.402750212377233, 0.401553353692248, 0.401607003772487, 0.402574604615552, 
0.402495776450695, 0.00379252649191299, 0.00446279147606828, 
0.00401516841400848, 0.00412670086995316, 0.00446328944432046, 
0.00423776067804171, 0.00457232073157132, 0.00412670086995316, 
0.00446179587283882, 0.0047980361526445, 0.0846625766871166, 
0.0918219346201049, 0.0900066919473567, 0.0848761989739014, 0.0890426244141933, 
0.0932307349169176, 0.0866510538641686, 0.0858799910774035, 0.082877858337981, 
0.0830171836643606, 0.32649191299498, 0.327903603704117, 0.327013160829801, 
0.32745929065358, 0.326935951796474, 0.325080852012936, 0.328426452548232, 
0.325005576622797, 0.326045733407697, 0.328721267574202, 0.00634336480500328, 
0.00633535398337437, 0.00634625396490044, 0.0064194976745371, 
0.00641279122378446, 0.00640270660712515, 0.00633820980635178, 
0.00642229655950113, 0.00638408833509754, 0.00639466315686042, 
0.00464066210048777, 0.00485835172232519, 0.00478558666984728, 
0.00478592241728177, 0.00473203379258434, 0.00494048957347839, 
0.00485936406820193, 0.0048138072975263, 0.00473476596346136, 
0.00489076352137131, 0.00566523352209856, 0.00586016376052466, 
0.00595779187378742, 0.00592278234446909, 0.00590941442008341, 
0.00607000503945727, 0.00590087486269371, 0.00609745619559688, 
0.0058624465998835, 0.00590477118396376, 0.01494613902178, 0.0151375967867055, 
0.0149441608625076, 0.0146211619834552, 0.0148814783445697, 0.0150077969314211, 
0.0146475638589484, 0.0144152354531081, 0.0147458815636189, 0.0147138507611374, 
640.357142857143, 640.214285714286, 640.428571428571, 640.428571428571, 
640.142857142857, 640.5, 640.5, 640.428571428571, 640.357142857143, 
640.142857142857, 4482.5, 4481.5, 4483, 4483, 4481, 4483.5, 4483.5, 
4483, 4482.5, 4481, 0.142857142857143, 0.142857142857143, 0.142857142857143, 
0.142857142857143, 0.142857142857143, 0.142857142857143, 0.142857142857143, 
0.142857142857143, 0.142857142857143, 0.142857142857143, 0.988087831616718, 
0.98805848893624, 0.988037861331349, 0.988055023264073, 0.988063518996015, 
0.988056855955453, 0.988056855955453, 0.988055023264073, 0.988046611378275, 
0.988060080640626, 1.00788832677514, 1.00791058955251, 1.00792169561263, 
1.00791326813023, 1.00790565879976, 1.00791083811865, 1.00791083811865, 
1.00791326813023, 1.00791937806908, 1.00790693910391, 0.0569447399811802, 
0.0570009568210982, 0.0571108378818214, 0.0572265131495708, 0.0569550299805194, 
0.0569145632531068, 0.0569072247732354, 0.0570486832638738, 0.0572020000433039, 
0.0571041549509054, 0.761489843824117, 0.759875547428983, 0.759864705063927, 
0.760301787095111, 0.759844323390592, 0.759446080491752, 0.761251894350611, 
0.759727904869075, 0.761248807680906, 0.761185195822701, 0.0960234863365924, 
0.0995680539241665, 0.0960508190196985, 0.0956968183042525, 0.0965099401937467, 
0.0957596744322329, 0.0959003128872196, 0.0964030861629662, 0.0963965140945069, 
0.0962744872718922, 0.95281124497992, 0.961923847695391, 0.939698492462312, 
0.944723618090452, 0.936936936936937, 0.954728370221328, 0.947686116700201, 
0.941708542713568, 0.946787148594378, 0.950950950950951, 0.883534136546185, 
0.895791583166333, 0.910552763819095, 0.898492462311558, 0.904904904904905, 
0.887323943661972, 0.891348088531187, 0.882412060301508, 0.874497991967871, 
0.886886886886887, 0.987951807228916, 0.995991983967936, 0.997989949748744, 
0.993969849246231, 0.991991991991992, 0.995975855130785, 0.996981891348089, 
0.997989949748744, 0.998995983935743, 0.995995995995996, 0.975903614457831, 
0.98496993987976, 0.985929648241206, 0.987939698492462, 0.980980980980981, 
0.990945674044266, 0.987927565392354, 0.991959798994975, 0.987951807228916, 
0.987987987987988), .Dim = c(10L, 26L), .Dimnames = list(NULL, 
    c("overlapping.F1", "overlapping.F1v", "overlapping.F2", 
    "overlapping.F3", "overlapping.F4", "neighborhood.N1", "neighborhood.N2", 
    "neighborhood.N3", "neighborhood.N4", "neighborhood.T1", 
    "neighborhood.LSCAvg", "linearity.L1", "linearity.L2", "linearity.L3", 
    "dimensionality.T2", "dimensionality.T3", "dimensionality.T4", 
    "balance.C1", "balance.C2", "network.Density", "network.ClsCoef", 
    "network.Hubs", "ANN", "C4.5", "kNN", "SVM")))
