aux <-
structure(c(21.935471666546, 41.1010411620721, 0.00906645951347661, 
0.396449829033855, 0.808836124059146, 0.0263917264781851, 0.402282433143241, 
0.00430570910013129, 0.0872066848503504, 0.326908380214482, 0.00637992261165357, 
0.00480417471265656, 0.00591509398025583, 0.0148060865567252, 
640.35, 4482.45, 0.142857142857143, 0.988057815133828, 1.00791008004108, 
0.0570414704098615, 0.760423609001778, 0.0964583192627274, 0.947795526934544, 
0.89157448220975, 0.995383525834318, 0.986249671570074), .Names = c("overlapping.F1", 
"overlapping.F1v", "overlapping.F2", "overlapping.F3", "overlapping.F4", 
"neighborhood.N1", "neighborhood.N2", "neighborhood.N3", "neighborhood.N4", 
"neighborhood.T1", "neighborhood.LSCAvg", "linearity.L1", "linearity.L2", 
"linearity.L3", "dimensionality.T2", "dimensionality.T3", "dimensionality.T4", 
"balance.C1", "balance.C2", "network.Density", "network.ClsCoef", 
"network.Hubs", "ANN", "C4.5", "kNN", "SVM"))
