aux <-
structure(c(44.1252937911862, 43.3184299248572, 42.6597269720188, 
42.2202293561727, 42.111490703392, 43.1813995877634, 43.4825821086085, 
42.4197896066439, 42.599750026163, 42.8818177951119, 81.6258116043046, 
81.3028807255631, 83.6809741139024, 83.271228035636, 82.9194173046838, 
81.9302433425759, 85.642824706133, 83.4376259538857, 81.2861202941484, 
81.9578919207811, 2.0355426809678e-13, 2.11920910831958e-13, 
2.25521018804196e-13, 2.58330023370431e-13, 3.14619602416283e-13, 
2.33619173027475e-13, 2.2271404169931e-13, 2.08364246564531e-13, 
2.51599096319779e-13, 1.98216156452889e-13, 0.894444444444444, 
0.900740740740741, 0.899259259259259, 0.899259259259259, 0.896296296296296, 
0.893333333333333, 0.900740740740741, 0.894814814814815, 0.896296296296296, 
0.895925925925926, 0.997777777777778, 1, 1, 1, 0.997777777777778, 
1, 1, 1, 1, 1, 0.0555555555555556, 0.05, 0.0777777777777778, 
0.0685185185185185, 0.0722222222222222, 0.0685185185185185, 0.0703703703703704, 
0.0611111111111111, 0.0703703703703704, 0.0611111111111111, 0.703454591251619, 
0.701230989725598, 0.706490279761478, 0.701078160938254, 0.708709028687811, 
0.703194329313009, 0.703439944932283, 0.704343663342899, 0.705222769351465, 
0.700180917589822, 0.0148148148148148, 0.012962962962963, 0.0240740740740741, 
0.0240740740740741, 0.0203703703703704, 0.0240740740740741, 0.012962962962963, 
0.0203703703703704, 0.0240740740740741, 0.0166666666666667, 0.0111111111111111, 
0.0037037037037037, 0.0037037037037037, 0.0037037037037037, 0, 
0.00185185185185185, 0.00185185185185185, 0.00925925925925926, 
0.00185185185185185, 0.0037037037037037, 0.811111111111111, 0.812962962962963, 
0.82037037037037, 0.805555555555556, 0.805555555555556, 0.809259259259259, 
0.8, 0.772222222222222, 0.812962962962963, 0.811111111111111, 
0.0603326474622771, 0.0601954732510288, 0.0604663923182442, 0.0612551440329218, 
0.0597805212620027, 0.0610288065843621, 0.0620233196159122, 0.0604663923182442, 
0.060579561042524, 0.062716049382716, 0, 0, 0, 0, 0, 0, 0, 0, 
0, 0, 0, 0, 0, 0, 0, 0, 0, 0, 0, 0, 0, 0, 0, 0, 0, 0, 0, 0, 0, 
0, 9, 9, 9, 9, 9, 9, 9, 9, 9, 9, 19.2857142857143, 19.2857142857143, 
19.2857142857143, 19.2857142857143, 19.2857142857143, 19.2857142857143, 
19.2857142857143, 19.2857142857143, 19.2857142857143, 20, 0.466666666666667, 
0.466666666666667, 0.466666666666667, 0.466666666666667, 0.466666666666667, 
0.466666666666667, 0.466666666666667, 0.466666666666667, 0.466666666666667, 
0.45, 1, 1, 1, 1, 1, 1, 1, 1, 1, 1, 1, 1, 1, 1, 1, 1, 1, 1, 1, 
1, 0.113371813371813, 0.113804713804714, 0.113900913900914, 0.114574314574315, 
0.114265099979386, 0.115048443619872, 0.114423142994572, 0.113997113997114, 
0.114924757781901, 0.114100185528757, 0.850167729568327, 0.849575108144309, 
0.848484959446346, 0.85068748760784, 0.850332935974271, 0.848837847689421, 
0.853239889040183, 0.849765369570294, 0.849477338726686, 0.852384697734373, 
0.156705414108932, 0.156708196036075, 0.156757396766643, 0.157036201885191, 
0.156920260884893, 0.15710527956988, 0.157284100614693, 0.157040372805025, 
0.156678760451174, 0.157191625913832, 1, 1, 1, 0.983333333333333, 
0.983333333333333, 1, 0.983333333333333, 1, 1, 0.983333333333333, 
0.966666666666667, 0.866666666666667, 0.9, 0.916666666666667, 
0.933333333333333, 0.916666666666667, 0.95, 0.933333333333333, 
0.983333333333333, 0.916666666666667, 0.95, 0.966666666666667, 
0.983333333333333, 0.966666666666667, 0.966666666666667, 1, 0.983333333333333, 
0.966666666666667, 0.983333333333333, 0.983333333333333, 1, 0.983333333333333, 
1, 1, 1, 1, 0.983333333333333, 0.983333333333333, 1, 0.983333333333333
), .Dim = c(10L, 26L), .Dimnames = list(NULL, c("overlapping.F1", 
"overlapping.F1v", "overlapping.F2", "overlapping.F3", "overlapping.F4", 
"neighborhood.N1", "neighborhood.N2", "neighborhood.N3", "neighborhood.N4", 
"neighborhood.T1", "neighborhood.LSCAvg", "linearity.L1", "linearity.L2", 
"linearity.L3", "dimensionality.T2", "dimensionality.T3", "dimensionality.T4", 
"balance.C1", "balance.C2", "network.Density", "network.ClsCoef", 
"network.Hubs", "ANN", "C4.5", "kNN", "SVM")))
