aux <-
structure(c(42.9000509871918, 82.7055018001614, 2.32845853758363e-13, 
0.897111111111111, 0.999555555555556, 0.0655555555555556, 0.703734467489424, 
0.0194444444444445, 0.00407407407407407, 0.806111111111111, 0.0608844307270233, 
0, 0, 0, 9, 19.3571428571429, 0.465, 1, 1, 0.114241049955336, 
0.850295336350205, 0.156942760903634, 0.993333333333333, 0.928333333333333, 
0.975, 0.993333333333333), .Names = c("overlapping.F1", "overlapping.F1v", 
"overlapping.F2", "overlapping.F3", "overlapping.F4", "neighborhood.N1", 
"neighborhood.N2", "neighborhood.N3", "neighborhood.N4", "neighborhood.T1", 
"neighborhood.LSCAvg", "linearity.L1", "linearity.L2", "linearity.L3", 
"dimensionality.T2", "dimensionality.T3", "dimensionality.T4", 
"balance.C1", "balance.C2", "network.Density", "network.ClsCoef", 
"network.Hubs", "ANN", "C4.5", "kNN", "SVM"))
