aux <-
structure(c(0.585324729783312, 1.92376703273323, 0.255366693757269, 
0.00868097671967409, 0.0296566925708741, 0.436632843411994, 0.840588724329052, 
0.304976870247526, 0.239726500087834, 0.69111282132789, 0.0115321143437097, 
0.168252533769131, 0.221786930225944, 0.184311921233364, 86.4, 
288.016666666666, 0.3125, 0.933133670836411, 1.20083838002812, 
0.130179443040749, 0.525489274110859, 0.257641188300671, 0.746120984278879, 
0.76443950786056, 0.72001025290499, 0.759193438140806), .Names = c("overlapping.F1", 
"overlapping.F1v", "overlapping.F2", "overlapping.F3", "overlapping.F4", 
"neighborhood.N1", "neighborhood.N2", "neighborhood.N3", "neighborhood.N4", 
"neighborhood.T1", "neighborhood.LSCAvg", "linearity.L1", "linearity.L2", 
"linearity.L3", "dimensionality.T2", "dimensionality.T3", "dimensionality.T4", 
"balance.C1", "balance.C2", "network.Density", "network.ClsCoef", 
"network.Hubs", "ANN", "C4.5", "kNN", "SVM"))
