aux <-
structure(c(0.560913883240575, 0.537281523699044, 0.571338234521279, 
0.554367718696057, 0.665159536226521, 0.684691756004074, 0.644317486370576, 
0.576397700875224, 0.522005904751552, 0.536773553448219, 1.98509933682895, 
1.82413660043579, 1.84100647738606, 1.81722818502332, 2.0684132888887, 
2.11933068001813, 1.9348900152598, 1.90771744117995, 1.85849200980123, 
1.88135629251041, 0.25980406386277, 0.3482031316582, 0.256977646226239, 
0.253515819872035, 0.295994881560494, 0.139854830332825, 0.236191834061537, 
0.25159564932642, 0.227319180507136, 0.28420990016503, 0.00723589001447178, 
0.00722543352601156, 0.00723589001447178, 0.00578871201157742, 
0.00723589001447178, 0.0115774240231548, 0.00722543352601156, 
0.00723589001447178, 0.020260492040521, 0.00578871201157742, 
0.0231548480463097, 0.0447976878612717, 0.0361794500723589, 0.020260492040521, 
0.0231548480463097, 0.0376266280752533, 0.0274566473988439, 0.0246020260492041, 
0.0376266280752533, 0.0217076700434153, 0.435600578871201, 0.447976878612717, 
0.428364688856729, 0.442836468885673, 0.435600578871201, 0.424023154848046, 
0.419075144508671, 0.437047756874096, 0.432706222865412, 0.463096960926194, 
0.848656016322244, 0.850657178185222, 0.84002749101092, 0.837083723791844, 
0.841527521308183, 0.828777862438263, 0.833326855303336, 0.839460842778222, 
0.842516291736669, 0.843853460415616, 0.303907380607815, 0.322254335260116, 
0.311143270622287, 0.305354558610709, 0.312590448625181, 0.295224312590449, 
0.28757225433526, 0.299565846599132, 0.298118668596237, 0.314037626628075, 
0.240231548480463, 0.238439306358382, 0.247467438494935, 0.240231548480463, 
0.22575976845152, 0.23589001447178, 0.251445086705202, 0.232995658465991, 
0.243125904486252, 0.241678726483357, 0.683068017366136, 0.703757225433526, 
0.680173661360347, 0.712011577424023, 0.664254703328509, 0.680173661360347, 
0.706647398843931, 0.687409551374819, 0.69753979739508, 0.696092619392185, 
0.0115271602430254, 0.0100592234956063, 0.0115795183473269, 0.0113700859301208, 
0.0113240107983354, 0.0138141622389163, 0.0118822880817936, 0.0115522921330901, 
0.0110664089251719, 0.0111459932437102, 0.168645378077347, 0.16760715806793, 
0.171283782438874, 0.172616686257909, 0.167231567861073, 0.164556928228155, 
0.16972318913841, 0.167391913644258, 0.165351359620624, 0.168117374356733, 
0.21273516642547, 0.232658959537572, 0.219971056439942, 0.232995658465991, 
0.219971056439942, 0.215629522431259, 0.219653179190751, 0.224312590448625, 
0.219971056439942, 0.219971056439942, 0.191027496382055, 0.216763005780347, 
0.192474674384949, 0.175108538350217, 0.186685962373372, 0.16931982633864, 
0.187861271676301, 0.185238784370478, 0.157742402315485, 0.180897250361794, 
86.375, 86.5, 86.375, 86.375, 86.375, 86.375, 86.5, 86.375, 86.375, 
86.375, 230.333333333333, 346, 230.333333333333, 345.5, 345.5, 
230.333333333333, 346, 230.333333333333, 230.333333333333, 345.5, 
0.375, 0.25, 0.375, 0.25, 0.25, 0.375, 0.25, 0.375, 0.375, 0.25, 
0.932964670172502, 0.933809673492045, 0.932964670172502, 0.932964670172502, 
0.932964670172502, 0.932964670172502, 0.933809673492045, 0.932964670172502, 
0.932964670172502, 0.932964670172502, 1.201387736284, 1.19864095500459, 
1.201387736284, 1.201387736284, 1.201387736284, 1.201387736284, 
1.19864095500459, 1.201387736284, 1.201387736284, 1.201387736284, 
0.1310262379664, 0.126527692964038, 0.130040479036893, 0.130707439333879, 
0.130426393170998, 0.131454099288995, 0.130660097203517, 0.130636129113446, 
0.130438977327545, 0.129876885001783, 0.525430376407671, 0.543925435157598, 
0.522292745284254, 0.519622220417028, 0.521496689737076, 0.525446756374339, 
0.526561170769257, 0.524784188499024, 0.522145448131475, 0.523187710330864, 
0.258551093329676, 0.245430045329683, 0.258578588160005, 0.26120567756428, 
0.26262058417213, 0.261467308638359, 0.255562605095681, 0.255956989119956, 
0.259637494406216, 0.257401497190727, 0.753246753246753, 0.802631578947368, 
0.766233766233766, 0.766233766233766, 0.701298701298701, 0.701298701298701, 
0.710526315789474, 0.766233766233766, 0.74025974025974, 0.753246753246753, 
0.779220779220779, 0.868421052631579, 0.792207792207792, 0.792207792207792, 
0.701298701298701, 0.623376623376623, 0.75, 0.766233766233766, 
0.753246753246753, 0.818181818181818, 0.766233766233766, 0.763157894736842, 
0.753246753246753, 0.662337662337662, 0.818181818181818, 0.675324675324675, 
0.644736842105263, 0.675324675324675, 0.727272727272727, 0.714285714285714, 
0.727272727272727, 0.842105263157895, 0.779220779220779, 0.805194805194805, 
0.714285714285714, 0.675324675324675, 0.736842105263158, 0.805194805194805, 
0.74025974025974, 0.766233766233766), .Dim = c(10L, 26L), .Dimnames = list(
    NULL, c("overlapping.F1", "overlapping.F1v", "overlapping.F2", 
    "overlapping.F3", "overlapping.F4", "neighborhood.N1", "neighborhood.N2", 
    "neighborhood.N3", "neighborhood.N4", "neighborhood.T1", 
    "neighborhood.LSCAvg", "linearity.L1", "linearity.L2", "linearity.L3", 
    "dimensionality.T2", "dimensionality.T3", "dimensionality.T4", 
    "balance.C1", "balance.C2", "network.Density", "network.ClsCoef", 
    "network.Hubs", "ANN", "C4.5", "kNN", "SVM")))
