aux <-
structure(c(Inf, Inf, Inf, Inf, Inf, Inf, Inf, Inf, Inf, Inf, 
7.21069791545527, 7.12763323425885, 7.02133946128, 7.13581631801144, 
7.13204000320386, 7.21674425250233, 7.30770127643829, 6.9951944935073, 
7.06430286523126, 7.06144100143817, 0, 0, 0, 0, 0, 0, 0, 0, 0, 
0, 0.181786583246437, 0.183176920403198, 0.181849791376912, 0.183524504692388, 
0.185326842837274, 0.180111265646732, 0.186022253129346, 0.18115438108484, 
0.182134167535627, 0.182197496522949, 0.428571428571429, 0.430656934306569, 
0.433588317107093, 0.430656934306569, 0.436369958275382, 0.429763560500695, 
0.434979137691238, 0.433936022253129, 0.434132777198471, 0.437760778859527, 
0.16301703163017, 0.165450121654501, 0.16029207232267, 0.167883211678832, 
0.144297635605007, 0.154728789986092, 0.155424200278164, 0.157510431154381, 
0.160236357316649, 0.157162726008345, 0.460743801652893, 0.458376307646972, 
0.462629246676514, 0.456773814765889, 0.454346876365225, 0.458977758138165, 
0.453552708211998, 0.458989839493447, 0.456849816849817, 0.460128994429786, 
0.148766075773375, 0.150503997219326, 0.148470097357441, 0.145637817170664, 
0.144297635605007, 0.144645340751043, 0.141515994436718, 0.150208623087622, 
0.145985401459854, 0.14673157162726, 0.132777198470629, 0.141466805700382, 
0.131432545201669, 0.141466805700382, 0.144645340751043, 0.143254520166898, 
0.129694019471488, 0.145340751043115, 0.132777198470629, 0.14673157162726, 
0.335766423357664, 0.319777546054918, 0.317454798331015, 0.3239485575252, 
0.319541029207232, 0.329972183588317, 0.318497913769124, 0.319193324061196, 
0.321167883211679, 0.31432545201669, 0.00278683587026371, 0.00276436431037863, 
0.00273243532877722, 0.00279154764894929, 0.00284958633243127, 
0.0027416236427893, 0.00283701285009894, 0.00277354094409443, 
0.00273500630472233, 0.00283157240101284, 0.0281708859225079, 
0.0341748604342282, 0.0269467003956829, 0.0413809379368926, 0.0368974088510854, 
0.0285109917053187, 0.0401164783481748, 0.0243052805743177, 0.0273910372542318, 
0.0267591823355067, 0.0260688216892596, 0.0260688216892596, 0.0278164116828929, 
0.0281543274244004, 0.0250347705146036, 0.0417246175243393, 0.0271210013908206, 
0.0271210013908206, 0.0250260688216892, 0.0253824756606398, 0.05387556482447, 
0.0521376433785193, 0.049721835883171, 0.0535279805352799, 0.058066759388039, 
0.0556328233657858, 0.053894297635605, 0.0521557719054242, 0.0559610705596107, 
0.0514603616133519, 75.7105263157895, 75.7105263157895, 75.6842105263158, 
75.7105263157895, 75.6842105263158, 75.6842105263158, 75.6842105263158, 
75.6842105263158, 75.7105263157895, 75.6842105263158, 119.875, 
119.875, 119.833333333333, 119.875, 119.833333333333, 119.833333333333, 
119.833333333333, 119.833333333333, 119.875, 119.833333333333, 
0.631578947368421, 0.631578947368421, 0.631578947368421, 0.631578947368421, 
0.631578947368421, 0.631578947368421, 0.631578947368421, 0.631578947368421, 
0.631578947368421, 0.631578947368421, 0.998549259096129, 0.998593909109781, 
0.998570677649831, 0.998593909109781, 0.998570677649831, 0.998570677649831, 
0.998570677649831, 0.998570677649831, 0.998593909109781, 0.998570677649831, 
1.00402905978436, 1.00390485413388, 1.0039694768935, 1.00390485413388, 
1.0039694768935, 1.0039694768935, 1.0039694768935, 1.0039694768935, 
1.00390485413388, 1.0039694768935, 0.120352147843696, 0.120057982280453, 
0.119788837153051, 0.120567031315943, 0.120127229848219, 0.119962024551007, 
0.120905363729818, 0.120133276894237, 0.119656979265316, 0.120549313660277, 
0.489639578827517, 0.48754896788331, 0.488296301878393, 0.489317488792562, 
0.489687740710053, 0.488885268363937, 0.489670002934064, 0.488802877064357, 
0.487809048704934, 0.489755003212779, 0.206621995463029, 0.2023198684853, 
0.205278912719483, 0.203892470233753, 0.203706717557829, 0.209988584895166, 
0.205332743169129, 0.203912642549416, 0.203421691492391, 0.20603575876011, 
0.996865203761755, 0.990595611285266, 0.996875, 0.981191222570533, 
0.990625, 0.9875, 0.990625, 0.99375, 0.996865203761755, 0.9875, 
0.996865203761755, 0.990595611285266, 1, 0.990595611285266, 0.990625, 
0.99375, 0.996875, 0.99375, 1, 0.990625, 0.915360501567398, 0.924764890282132, 
0.9375, 0.915360501567398, 0.890625, 0.915625, 0.871875, 0.928125, 
0.890282131661442, 0.928125, 0.931034482758621, 0.943573667711599, 
0.953125, 0.931034482758621, 0.934375, 0.928125, 0.921875, 0.9625, 
0.93730407523511, 0.940625), .Dim = c(10L, 26L), .Dimnames = list(
    NULL, c("overlapping.F1", "overlapping.F1v", "overlapping.F2", 
    "overlapping.F3", "overlapping.F4", "neighborhood.N1", "neighborhood.N2", 
    "neighborhood.N3", "neighborhood.N4", "neighborhood.T1", 
    "neighborhood.LSCAvg", "linearity.L1", "linearity.L2", "linearity.L3", 
    "dimensionality.T2", "dimensionality.T3", "dimensionality.T4", 
    "balance.C1", "balance.C2", "network.Density", "network.ClsCoef", 
    "network.Hubs", "ANN", "C4.5", "kNN", "SVM")))
