aux <-
structure(c(Inf, 7.12729108213268, 0, 0.18272842064757, 0.43304158490701, 
0.158600257763481, 0.458136916423071, 0.146676255448831, 0.13895867566035, 
0.321964511112304, 0.0027843525633518, 0.0314653763757947, 0.0279518317788726, 
0.0536434109089257, 75.6947368421053, 119.85, 0.631578947368421, 
0.998575505232446, 1.0039560483547, 0.120210018654202, 0.488941227837191, 
0.205051138532561, 0.991239224137931, 0.994368142633229, 0.911764302507837, 
0.938357170846395), .Names = c("overlapping.F1", "overlapping.F1v", 
"overlapping.F2", "overlapping.F3", "overlapping.F4", "neighborhood.N1", 
"neighborhood.N2", "neighborhood.N3", "neighborhood.N4", "neighborhood.T1", 
"neighborhood.LSCAvg", "linearity.L1", "linearity.L2", "linearity.L3", 
"dimensionality.T2", "dimensionality.T3", "dimensionality.T4", 
"balance.C1", "balance.C2", "network.Density", "network.ClsCoef", 
"network.Hubs", "ANN", "C4.5", "kNN", "SVM"))
