aux <-
structure(c(Inf, 9.05109427975504, 0, 0.198252590683976, 0.524529300865966, 
0.520752899136044, 0.520162630285794, 0.385554253206442, 0.33515740771964, 
0.609761285122049, 0.00419739762580898, 0.0601655642882974, 0.0732879781783836, 
0.063577597539616, 93.3333333333333, 630, 0.148148148148148, 
0.657927962393331, 1.54475940132484, 0.106427324085304, 0.583910616368682, 
0.218410255034, 0.677534379993914, 0.67037114176019, 0.622537828470844, 
0.704987490729656), .Names = c("overlapping.F1", "overlapping.F1v", 
"overlapping.F2", "overlapping.F3", "overlapping.F4", "neighborhood.N1", 
"neighborhood.N2", "neighborhood.N3", "neighborhood.N4", "neighborhood.T1", 
"neighborhood.LSCAvg", "linearity.L1", "linearity.L2", "linearity.L3", 
"dimensionality.T2", "dimensionality.T3", "dimensionality.T4", 
"balance.C1", "balance.C2", "network.Density", "network.ClsCoef", 
"network.Hubs", "ANN", "C4.5", "kNN", "SVM"))
