aux <-
structure(c(Inf, Inf, Inf, Inf, Inf, Inf, Inf, Inf, Inf, Inf, 
8.57241605122119, 9.34206848620787, 9.04239285472212, 8.26202791863994, 
9.95969712021277, 9.68972646856058, 8.74771025591554, 8.87255324103909, 
8.92236040009684, 9.09999000093451, 0, 0, 0, 0, 0, 0, 0, 0, 0, 
0, 0.187990596864514, 0.193599581303455, 0.207945346054649, 0.189459091727168, 
0.228434588710904, 0.1944879102629, 0.200250336141558, 0.197500900994374, 
0.19171208977964, 0.191145465000597, 0.526750029051533, 0.528530289635358, 
0.540596285869431, 0.505631980598409, 0.554593874361839, 0.520475037977462, 
0.53188160195298, 0.517226602438865, 0.505448693244476, 0.51415861352931, 
0.521618405394685, 0.527171757239191, 0.526984126984127, 0.516871774513696, 
0.518048393494645, 0.516666666666667, 0.530555555555556, 0.510917030567686, 
0.512107979356888, 0.526587301587302, 0.516178739138814, 0.568118765432571, 
0.511827635262833, 0.53413528054995, 0.521070378348832, 0.51162160539587, 
0.473888143135338, 0.519365153314695, 0.513250287176096, 0.532170315102938, 
0.39111463704879, 0.38992463308211, 0.392460317460317, 0.37713378324732, 
0.383181277270924, 0.384920634920635, 0.39484126984127, 0.374751885668916, 
0.379515680825725, 0.387698412698413, 0.333597778659262, 0.353034510115034, 
0.351190476190476, 0.327510917030568, 0.339944466481555, 0.306746031746032, 
0.331746031746032, 0.331877729257642, 0.333862643906312, 0.342063492063492, 
0.616422054740182, 0.61126537088457, 0.614285714285714, 0.609765780071457, 
0.60531535105117, 0.604365079365079, 0.613095238095238, 0.593886462882096, 
0.613735609368797, 0.615476190476191, 0.00414935800678505, 0.00395283348551265, 
0.00426225119677501, 0.00428423221310813, 0.00416666601106044, 
0.0043694885361552, 0.00448475686570925, 0.00417864326395299, 
0.00411623546713891, 0.00400951121189216, 0.0615683401232007, 
0.0600575391560117, 0.0608885211480761, 0.0604287505070036, 0.0589169284327366, 
0.059029503689039, 0.0609074779872183, 0.0587602215168823, 0.0584380287843213, 
0.062660331538484, 0.0754499350765824, 0.0724311960855766, 0.0736337231935741, 
0.0734185422897534, 0.0699394126797169, 0.0727494367040131, 0.0773090743332661, 
0.0719021733692859, 0.0706375714413233, 0.0754087166107439, 0.0675744175052888, 
0.0596365306608033, 0.0605063864330119, 0.0620374307880441, 0.0620123387989579, 
0.0617486004227836, 0.0651945999785171, 0.0638919680761418, 0.0663082308772607, 
0.066865471855351, 93.3703703703704, 93.3703703703704, 93.3333333333333, 
93.2962962962963, 93.3703703703704, 93.3333333333333, 93.3333333333333, 
93.2962962962963, 93.2962962962963, 93.3333333333333, 630.25, 
630.25, 630, 629.75, 630.25, 630, 630, 629.75, 629.75, 630, 0.148148148148148, 
0.148148148148148, 0.148148148148148, 0.148148148148148, 0.148148148148148, 
0.148148148148148, 0.148148148148148, 0.148148148148148, 0.148148148148148, 
0.148148148148148, 0.658207394851008, 0.658207394851008, 0.657896367717186, 
0.657565342370763, 0.658207394851008, 0.657896367717186, 0.658335391844644, 
0.658024389931683, 0.657043212081641, 0.657896367717186, 1.54416337146495, 
1.54416337146495, 1.54505537542636, 1.54578648427965, 1.54416337146495, 
1.54505537542636, 1.54362239259139, 1.5445137124156, 1.54601518328787, 
1.54505537542636, 0.10691524527304, 0.106142372326426, 0.106358343257907, 
0.106709894397496, 0.106858263601619, 0.106404972998859, 0.106195139164571, 
0.106274127591386, 0.106427686516549, 0.105987195725187, 0.584060739871745, 
0.586508880840175, 0.583629257519097, 0.585189024681239, 0.582614122185003, 
0.585918641185616, 0.582867715098584, 0.583411319947745, 0.583974805818396, 
0.58093165653922, 0.215146901790157, 0.229144499886985, 0.214042536967375, 
0.215808180901125, 0.21792274981746, 0.217306181389755, 0.216031160639883, 
0.218353270770537, 0.217194325691929, 0.223152742484795, 0.702508960573477, 
0.634408602150538, 0.7, 0.572953736654804, 0.688172043010753, 
0.653571428571429, 0.721428571428571, 0.704626334519573, 0.651245551601424, 
0.746428571428571, 0.670250896057348, 0.670250896057348, 0.696428571428571, 
0.644128113879004, 0.666666666666667, 0.671428571428571, 0.667857142857143, 
0.651245551601424, 0.672597864768683, 0.692857142857143, 0.663082437275986, 
0.616487455197133, 0.667857142857143, 0.597864768683274, 0.602150537634409, 
0.639285714285714, 0.632142857142857, 0.580071174377224, 0.597864768683274, 
0.628571428571429, 0.71326164874552, 0.666666666666667, 0.721428571428571, 
0.697508896797153, 0.698924731182796, 0.682142857142857, 0.717857142857143, 
0.704626334519573, 0.711743772241993, 0.735714285714286), .Dim = c(10L, 
26L), .Dimnames = list(NULL, c("overlapping.F1", "overlapping.F1v", 
"overlapping.F2", "overlapping.F3", "overlapping.F4", "neighborhood.N1", 
"neighborhood.N2", "neighborhood.N3", "neighborhood.N4", "neighborhood.T1", 
"neighborhood.LSCAvg", "linearity.L1", "linearity.L2", "linearity.L3", 
"dimensionality.T2", "dimensionality.T3", "dimensionality.T4", 
"balance.C1", "balance.C2", "network.Density", "network.ClsCoef", 
"network.Hubs", "ANN", "C4.5", "kNN", "SVM")))
