aux <-
structure(c(Inf, Inf, Inf, Inf, Inf, Inf, Inf, Inf, Inf, Inf, 
9.06208235531925, 9.4278090438894, 9.04725164397392, 8.98950170013903, 
9.11457243474508, 9.12146720389176, 8.73350201766749, 8.10283338268474, 
8.94534470435826, 9.84231733434703, 0, 0, 0, 0, 0, 0, 0, 0, 0, 
0, 0.190957091902365, 0.21089964701037, 0.192981006730519, 0.187876168499605, 
0.206628419681136, 0.205273714699575, 0.18988337524108, 0.19043219623107, 
0.206705987954938, 0.197014238469727, 0.519392741825853, 0.545642640048125, 
0.524847556866691, 0.501425352971318, 0.545857346210371, 0.521194185099918, 
0.514971028211499, 0.515075332218125, 0.514333576909383, 0.528603601116372, 
0.512698412698413, 0.517255057516858, 0.522222222222222, 0.520238095238095, 
0.52322350138944, 0.510917030567686, 0.521618405394685, 0.522411741372471, 
0.518650793650794, 0.516871774513696, 0.51172322154399, 0.513286328640169, 
0.524825219958988, 0.541874957608997, 0.48368919779035, 0.510790606612427, 
0.518201326356776, 0.517942135992121, 0.56025238499765, 0.519099630104814, 
0.376587301587302, 0.378024593415311, 0.395238095238095, 0.385714285714286, 
0.385470424771735, 0.385073441842001, 0.386751289170964, 0.381594605315351, 
0.387301587301587, 0.386264390631203, 0.353571428571429, 0.320507735025783, 
0.334920634920635, 0.341269841269841, 0.347360063517269, 0.32870186581977, 
0.321697738992463, 0.336374454581515, 0.334126984126984, 0.33068678046844, 
0.601587301587302, 0.600158667195557, 0.619444444444444, 0.61468253968254, 
0.607780865422787, 0.604605001984915, 0.612455374851249, 0.613248710829036, 
0.610714285714286, 0.606589916633585, 0.00429516250944822, 0.00414479498747609, 
0.00393014613252708, 0.00401014109347443, 0.00446972205363887, 
0.00425255552836159, 0.00413551160336474, 0.00422519853460995, 
0.00425327538422776, 0.00422607949334955, 0.0606893078495665, 
0.0592762791749095, 0.0602482476793773, 0.0608357635936827, 0.0609012572418932, 
0.0604989176290989, 0.061508603761252, 0.0614147150469388, 0.0596519203569401, 
0.0586930681372924, 0.0698028341133138, 0.0708051027404976, 0.0729224673545914, 
0.0736140690569426, 0.0750071484569313, 0.0716112077720013, 0.0745738557929973, 
0.0743695928641667, 0.0706385918649379, 0.0733131682152037, 0.0642552558876596, 
0.0650105144108403, 0.0667220163388212, 0.066047141650262, 0.0611603158565739, 
0.0637898003689492, 0.0628514368091361, 0.0626057916015946, 0.0651020543128582, 
0.0594715296464195, 93.3333333333333, 93.3703703703704, 93.3333333333333, 
93.3333333333333, 93.2962962962963, 93.2962962962963, 93.3703703703704, 
93.3703703703704, 93.3333333333333, 93.2962962962963, 630, 630.25, 
630, 630, 629.75, 629.75, 630.25, 630.25, 630, 629.75, 0.148148148148148, 
0.148148148148148, 0.148148148148148, 0.148148148148148, 0.148148148148148, 
0.148148148148148, 0.148148148148148, 0.148148148148148, 0.148148148148148, 
0.148148148148148, 0.657896367717186, 0.658207394851008, 0.658335391844644, 
0.657354603350892, 0.658024389931683, 0.657311199054384, 0.658207394851008, 
0.658207394851008, 0.657896367717186, 0.65783933483552, 1.54505537542636, 
1.54416337146495, 1.54362239259139, 1.54512124699935, 1.5445137124156, 
1.54600064009592, 1.54416337146495, 1.54416337146495, 1.54505537542636, 
1.54573509882053, 0.106638121703624, 0.107143486774586, 0.106307617661329, 
0.106201755546734, 0.105528089774268, 0.10685998484591, 0.106113724082784, 
0.105937112382967, 0.106572903079453, 0.107013543771073, 0.584967520289727, 
0.583584717675518, 0.581393691221288, 0.583696191681169, 0.583386660349505, 
0.58338935870978, 0.585033660960098, 0.583236946191374, 0.588731407875013, 
0.583972234433618, 0.218236894680005, 0.215630180492128, 0.213954991400368, 
0.214903883414829, 0.213664606505595, 0.217080145833889, 0.213283239128073, 
0.217551843700299, 0.24065942293959, 0.214954756405727, 0.696428571428571, 
0.666666666666667, 0.742857142857143, 0.714285714285714, 0.711743772241993, 
0.672597864768683, 0.691756272401434, 0.702508960573477, 0.696428571428571, 
0.640569395017794, 0.628571428571429, 0.648745519713262, 0.682142857142857, 
0.7, 0.661921708185053, 0.640569395017794, 0.648745519713262, 
0.691756272401434, 0.682142857142857, 0.619217081850534, 0.553571428571429, 
0.598566308243728, 0.678571428571429, 0.653571428571429, 0.583629893238434, 
0.594306049822064, 0.670250896057348, 0.602150537634409, 0.614285714285714, 
0.612099644128114, 0.707142857142857, 0.648745519713262, 0.732142857142857, 
0.742857142857143, 0.725978647686833, 0.701067615658363, 0.709677419354839, 
0.724014336917563, 0.707142857142857, 0.669039145907473), .Dim = c(10L, 
26L), .Dimnames = list(NULL, c("overlapping.F1", "overlapping.F1v", 
"overlapping.F2", "overlapping.F3", "overlapping.F4", "neighborhood.N1", 
"neighborhood.N2", "neighborhood.N3", "neighborhood.N4", "neighborhood.T1", 
"neighborhood.LSCAvg", "linearity.L1", "linearity.L2", "linearity.L3", 
"dimensionality.T2", "dimensionality.T3", "dimensionality.T4", 
"balance.C1", "balance.C2", "network.Density", "network.ClsCoef", 
"network.Hubs", "ANN", "C4.5", "kNN", "SVM")))
