aux <-
structure(c(Inf, 9.0386681821016, 0, 0.197865184642039, 0.523134336147765, 
0.518610703456436, 0.520168500960628, 0.384802001498784, 0.334921752729413, 
0.60912671083457, 0.00419425873204783, 0.0603718080470951, 0.0726658038231584, 
0.0637015856883115, 93.3333333333333, 630, 0.148148148148148, 
0.657927983900452, 1.54475939561704, 0.106431633962273, 0.584139238938709, 
0.21799199645005, 0.693584293167005, 0.660381263973848, 0.61610033291241, 
0.706780839952405), .Names = c("overlapping.F1", "overlapping.F1v", 
"overlapping.F2", "overlapping.F3", "overlapping.F4", "neighborhood.N1", 
"neighborhood.N2", "neighborhood.N3", "neighborhood.N4", "neighborhood.T1", 
"neighborhood.LSCAvg", "linearity.L1", "linearity.L2", "linearity.L3", 
"dimensionality.T2", "dimensionality.T3", "dimensionality.T4", 
"balance.C1", "balance.C2", "network.Density", "network.ClsCoef", 
"network.Hubs", "ANN", "C4.5", "kNN", "SVM"))
