aux <-
structure(c(28.7363457712925, 30.3594121670656, 38.8219830925086, 
Inf, Inf, 28.9639500241778, 35.5179650475254, 31.9391957588279, 
29.1889722702888, 28.4486800298535, 24.947289602911, 25.4713984077676, 
27.4492427991994, 25.5618980297791, 28.4095344446336, 26.1740688074136, 
25.1994521703421, 25.4785400721705, 26.6515031074606, 25.037309154667, 
1, 1, 1, 0.8, 0.8, 1, 1, 1, 1, 1, 0, 0, 0, 0.0744775071800388, 
0.0836077528996826, 0, 0, 0, 0, 0, 0, 0, 0, 0.144564957856097, 
0.147601602146324, 0, 0, 0, 0, 0, 0.805803571428571, 0.785398230088496, 
0.830734966592428, 0.761160714285714, 0.783964365256125, 0.810690423162584, 
0.780487804878049, 0.816371681415929, 0.812917594654788, 0.796909492273731, 
0.689075630252101, 0.650406504065041, 0.661157024793388, 0.638461538461538, 
0.581395348837209, 0.636363636363636, 0.717948717948718, 0.730434782608696, 
0.604838709677419, 0.680672268907563, 0.316964285714286, 0.309734513274336, 
0.318485523385301, 0.296875, 0.293986636971047, 0.291759465478842, 
0.319290465631929, 0.316371681415929, 0.253897550111359, 0.311258278145695, 
0.325892857142857, 0.323008849557522, 0.305122494432071, 0.366071428571429, 
0.302895322939866, 0.32739420935412, 0.305986696230599, 0.320796460176991, 
0.347438752783964, 0.30242825607064, 0.850446428571429, 0.845132743362832, 
0.855233853006682, 0.825892857142857, 0.832962138084632, 0.839643652561247, 
0.860310421286031, 0.860619469026549, 0.844097995545657, 0.852097130242826, 
0.00476821588010204, 0.00481635210274884, 0.00497517373425727, 
0.00529635682397959, 0.00496525314854589, 0.00559025004836286, 
0.00494097865792204, 0.00417025608896546, 0.00519838691276333, 
0.00488282677660337, 0.0403805774106719, 0.0386405973458733, 
0.0362318634952642, 0.0393342156825223, 0.0340739873705401, 0.0384918919627038, 
0.0421089649245926, 0.0401051683834972, 0.0368216577588485, 0.040272731126585, 
0.0414043129235009, 0.0389646911592227, 0.0371644266614781, 0.0394697335174414, 
0.0355738153429394, 0.0407496273713462, 0.0430379409381107, 0.0395958236719546, 
0.0371769284093334, 0.0410030087451496, 0.0352561384423414, 0.035681967417966, 
0.0353807186733321, 0.0354893040872315, 0.0327618482609457, 0.0345488754712553, 
0.0390029019869629, 0.0425592301301262, 0.0300763318872421, 0.0418581921808585, 
64, 64.5714285714286, 64.1428571428571, 64, 64.1428571428571, 
64.1428571428571, 64.4285714285714, 64.5714285714286, 64.1428571428571, 
64.7142857142857, 64, 64.5714285714286, 64.1428571428571, 64, 
64.1428571428571, 64.1428571428571, 64.4285714285714, 64.5714285714286, 
64.1428571428571, 64.7142857142857, 1, 1, 1, 1, 1, 1, 1, 1, 1, 
1, 0.997001663942577, 0.997251929469806, 0.997398186636906, 0.99715622108244, 
0.996895208024513, 0.996973414743812, 0.997042799606586, 0.997023278519045, 
0.997086017561343, 0.997045892965074, 1.00161549990391, 1.00149457471219, 
1.001412559081, 1.00152988073893, 1.00167819579912, 1.00162749070228, 
1.00162028171811, 1.00159779292164, 1.00156710348716, 1.00158062882226, 
0.0743148769574944, 0.0752114278986716, 0.0749482978046453, 0.0739253755193352, 
0.0764397072860325, 0.0753062360801782, 0.0740477950234048, 0.0745442772207288, 
0.0754255488386891, 0.0738732930903124, 0.862273165330435, 0.864064099918629, 
0.864412310989883, 0.861887294937908, 0.865345316824245, 0.868601457064374, 
0.864482195756, 0.863704912162028, 0.866199027161709, 0.859970260163449, 
0.0965583705415176, 0.0951221383591252, 0.0946249518435721, 0.0934012606451346, 
0.097276053621846, 0.0941475691761305, 0.0940227813834801, 0.0940850084658925, 
0.0941799219711094, 0.0950265576676674, 0.75, 0.75, 0.666666666666667, 
0.692307692307692, 0.627450980392157, 0.705882352941177, 0.836734693877551, 
0.770833333333333, 0.686274509803922, 0.765957446808511, 0.769230769230769, 
0.770833333333333, 0.686274509803922, 0.75, 0.588235294117647, 
0.686274509803922, 0.775510204081633, 0.729166666666667, 0.725490196078431, 
0.787234042553192, 0.692307692307692, 0.5625, 0.705882352941177, 
0.576923076923077, 0.470588235294118, 0.509803921568627, 0.693877551020408, 
0.666666666666667, 0.607843137254902, 0.638297872340426, 0.75, 
0.729166666666667, 0.627450980392157, 0.692307692307692, 0.647058823529412, 
0.725490196078431, 0.836734693877551, 0.791666666666667, 0.666666666666667, 
0.765957446808511), .Dim = c(10L, 26L), .Dimnames = list(NULL, 
    c("overlapping.F1", "overlapping.F1v", "overlapping.F2", 
    "overlapping.F3", "overlapping.F4", "neighborhood.N1", "neighborhood.N2", 
    "neighborhood.N3", "neighborhood.N4", "neighborhood.T1", 
    "neighborhood.LSCAvg", "linearity.L1", "linearity.L2", "linearity.L3", 
    "dimensionality.T2", "dimensionality.T3", "dimensionality.T4", 
    "balance.C1", "balance.C2", "network.Density", "network.ClsCoef", 
    "network.Hubs", "ANN", "C4.5", "kNN", "SVM")))
