aux <-
structure(c(Inf, 26.0380236596345, 0.96, 0.0158085260079721, 
0.0292166560002421, 0.798443884403641, 0.659075416191531, 0.302862340012872, 
0.322703532726006, 0.846643668883074, 0.00496040501742507, 0.0386461655461099, 
0.0394140308740477, 0.0362615508538262, 64.2857142857143, 64.2857142857143, 
1, 0.99708746125521, 1.00157240078866, 0.0748036835719492, 0.864094004030866, 
0.0948444613675475, 0.725210767613101, 0.726824952566952, 0.612469050631709, 
0.723249983299376), .Names = c("overlapping.F1", "overlapping.F1v", 
"overlapping.F2", "overlapping.F3", "overlapping.F4", "neighborhood.N1", 
"neighborhood.N2", "neighborhood.N3", "neighborhood.N4", "neighborhood.T1", 
"neighborhood.LSCAvg", "linearity.L1", "linearity.L2", "linearity.L3", 
"dimensionality.T2", "dimensionality.T3", "dimensionality.T4", 
"balance.C1", "balance.C2", "network.Density", "network.ClsCoef", 
"network.Hubs", "ANN", "C4.5", "kNN", "SVM"))
