aux <-
structure(c(Inf, Inf, Inf, Inf, Inf, Inf, Inf, Inf, Inf, Inf, 
5.64989484753936, 5.53024794941217, 5.5576642403074, 5.43090592747575, 
5.70160620768315, 5.78549030766364, 5.83773442155995, 5.74530622545706, 
5.5608410955902, 5.66669850299582, 0.00467147995103633, 0.00497560907001993, 
0.00514667831997953, 0.00272831439113333, 0.00495984285129127, 
0.0257959308971212, 0, 0.00426028192919112, 0.00336959231899165, 
0.00574430691146913, 0.274811042411077, 0.274910251877911, 0.276896763663495, 
0.274100426931087, 0.281352367628772, 0.277449289425187, 0.275156067354995, 
0.288205258592964, 0.273708474839934, 0.278588227767921, 0.356248400017615, 
0.351927820088152, 0.354460508537319, 0.352907826535117, 0.361440405586387, 
0.365012546387982, 0.354430609102953, 0.368802148219728, 0.353412254064778, 
0.356368526106853, 0.632224168126095, 0.619422572178478, 0.63254593175853, 
0.636842105263158, 0.621172353455818, 0.633975481611208, 0.619631901840491, 
0.623137598597721, 0.616797900262467, 0.615923009623797, 0.954059415184688, 
0.957169644510521, 0.953229175444253, 0.967608666920479, 0.949554697299958, 
0.957383629273163, 0.94460223968703, 0.958456178631435, 0.93650674066792, 
0.953328783153076, 0.461471103327496, 0.459317585301837, 0.467191601049869, 
0.471052631578947, 0.455818022747157, 0.463222416812609, 0.441717791411043, 
0.456617002629273, 0.441819772528434, 0.441819772528434, 0.389667250437828, 
0.361329833770779, 0.36832895888014, 0.402631578947368, 0.356955380577428, 
0.368651488616462, 0.364592462751972, 0.361086765994741, 0.373578302712161, 
0.361329833770779, 0.786339754816112, 0.803149606299213, 0.822397200349956, 
0.815789473684211, 0.814523184601925, 0.814360770577933, 0.803680981595092, 
0.818580192813322, 0.798775153105862, 0.817147856517935, 0.00285393554798323, 
0.00267595596919589, 0.00268284487186258, 0.00259541397353032, 
0.00272035111971459, 0.00264690637067117, 0.00280594002063169, 
0.00261928701624803, 0.00274025239408503, 0.00268590660638111, 
0.111731845896468, 0.112696104925812, 0.110188385205768, 0.111307079903875, 
0.109112778717781, 0.106471936409339, 0.109006034649448, 0.109995490569368, 
0.112747509543775, 0.112015420210075, 0.143559066425173, 0.144610644996824, 
0.14514535784662, 0.147500759568882, 0.141378923057583, 0.143463888731154, 
0.135387501806166, 0.140624359478217, 0.143042401857952, 0.140370792250744, 
0.121536063696188, 0.117103123366159, 0.118351005044238, 0.119310907019042, 
0.119764747034038, 0.109136788225827, 0.116984790080803, 0.117168451864492, 
0.111201706585201, 0.123817273076366, 142.75, 142.875, 142.875, 
142.5, 142.875, 142.75, 142.625, 142.625, 142.875, 142.875, 142.75, 
142.875, 142.875, 142.5, 142.875, 142.75, 142.625, 142.625, 142.875, 
142.875, 1, 1, 1, 1, 1, 1, 1, 1, 1, 1, 0.947640301417246, 0.94750179847514, 
0.94750179847514, 0.946956680280311, 0.94750179847514, 0.947010262625506, 
0.947428487826809, 0.947428487826809, 0.94750179847514, 0.947131804939758, 
1.06092570443196, 1.06108094656889, 1.06108094656889, 1.06171618289411, 
1.06108094656889, 1.0615960465366, 1.06124827253037, 1.06124827253037, 
1.06108094656889, 1.06160590477355, 0.0864927836982031, 0.0851309961035956, 
0.0852382506477408, 0.0850099348458944, 0.0851754301290272, 0.0861535722343905, 
0.0868428740563064, 0.0851499915432754, 0.0855171124625184, 0.085564610903497, 
0.569392043801686, 0.570557248436853, 0.56677482209462, 0.566031662962174, 
0.569706406478819, 0.574328640851497, 0.575685322769598, 0.570834343164108, 
0.573816629009912, 0.565259829540918, 0.147895390432968, 0.150667358690324, 
0.149979580854643, 0.146179579257552, 0.148918554795255, 0.147747512879768, 
0.150159810031493, 0.152098383394848, 0.149834830560952, 0.146832055903158, 
0.68503937007874, 0.634920634920635, 0.642857142857143, 0.635658914728682, 
0.666666666666667, 0.590551181102362, 0.515625, 0.6015625, 0.619047619047619, 
0.571428571428571, 0.566929133858268, 0.587301587301587, 0.563492063492063, 
0.573643410852713, 0.603174603174603, 0.637795275590551, 0.5390625, 
0.5859375, 0.515873015873016, 0.547619047619048, 0.582677165354331, 
0.547619047619048, 0.555555555555556, 0.534883720930233, 0.555555555555556, 
0.590551181102362, 0.4921875, 0.5546875, 0.515873015873016, 0.5, 
0.724409448818898, 0.619047619047619, 0.658730158730159, 0.651162790697674, 
0.650793650793651, 0.590551181102362, 0.5, 0.640625, 0.579365079365079, 
0.634920634920635), .Dim = c(10L, 26L), .Dimnames = list(NULL, 
    c("overlapping.F1", "overlapping.F1v", "overlapping.F2", 
    "overlapping.F3", "overlapping.F4", "neighborhood.N1", "neighborhood.N2", 
    "neighborhood.N3", "neighborhood.N4", "neighborhood.T1", 
    "neighborhood.LSCAvg", "linearity.L1", "linearity.L2", "linearity.L3", 
    "dimensionality.T2", "dimensionality.T3", "dimensionality.T4", 
    "balance.C1", "balance.C2", "network.Density", "network.ClsCoef", 
    "network.Hubs", "ANN", "C4.5", "kNN", "SVM")))
