aux <-
structure(c(Inf, 5.64663897256845, 0.00616520366402335, 0.277517817049334, 
0.357501104464688, 0.625167302271776, 0.953189917077252, 0.45600476999151, 
0.370815185645966, 0.809474417436156, 0.00270267938903036, 0.110527258603171, 
0.142508369601932, 0.117437485599235, 142.7625, 142.7625, 1, 
0.9473603218817, 1.06126641699725, 0.0856275556624449, 0.570238694911019, 
0.149031305680096, 0.616335760083042, 0.572082813776185, 0.54295902419901, 
0.624960556347608), .Names = c("overlapping.F1", "overlapping.F1v", 
"overlapping.F2", "overlapping.F3", "overlapping.F4", "neighborhood.N1", 
"neighborhood.N2", "neighborhood.N3", "neighborhood.N4", "neighborhood.T1", 
"neighborhood.LSCAvg", "linearity.L1", "linearity.L2", "linearity.L3", 
"dimensionality.T2", "dimensionality.T3", "dimensionality.T4", 
"balance.C1", "balance.C2", "network.Density", "network.ClsCoef", 
"network.Hubs", "ANN", "C4.5", "kNN", "SVM"))
