aux <-
structure(c(23.3632806750142, 28.6106529865249, 0.00200914508586793, 
0.791005291005291, 0.997883597883598, 0.131216931216931, 0.370346989675097, 
0.0703703703703704, 0.0312169312169312, 0.223280423280423, 0.118574507992497, 
0.00968477668679266, 0.0201058201058201, 0.00873015873015873, 
27, 94.5, 0.285714285714286, 1, 1, 0.151953168974445, 0.698275507603922, 
0.19941145923527, 0.952380952380952, 0.933333333333333, 0.942857142857143, 
0.928571428571428), .Names = c("overlapping.F1", "overlapping.F1v", 
"overlapping.F2", "overlapping.F3", "overlapping.F4", "neighborhood.N1", 
"neighborhood.N2", "neighborhood.N3", "neighborhood.N4", "neighborhood.T1", 
"neighborhood.LSCAvg", "linearity.L1", "linearity.L2", "linearity.L3", 
"dimensionality.T2", "dimensionality.T3", "dimensionality.T4", 
"balance.C1", "balance.C2", "network.Density", "network.ClsCoef", 
"network.Hubs", "ANN", "C4.5", "kNN", "SVM"))
