aux <-
structure(c(Inf, Inf, Inf, Inf, Inf, Inf, Inf, Inf, Inf, Inf, 
0.962192028236612, 0.931847197857536, 1.07027487928381, 1.06764612111925, 
0.856439181942699, 0.978367465578993, 0.898506152027608, 0.933998011087969, 
1.01269991782833, 0.960134767947298, 0, 0, 0, 0, 0, 0, 0, 0, 
0, 0, 0.0610752688172043, 0.0945829750644884, 0.061049011177988, 
0.0597592433361995, 0.0606451612903226, 0.061049011177988, 0.05932932072227, 
0.0645161290322581, 0.0632258064516129, 0.060189165950129, 0.115698924731183, 
0.12725709372313, 0.123387790197764, 0.0958727429062769, 0.0972043010752688, 
0.100171969045572, 0.0945829750644884, 0.100215053763441, 0.0976344086021505, 
0.0963026655202064, 0.16, 0.161650902837489, 0.156921754084265, 
0.16079105760963, 0.157849462365591, 0.156921754084265, 0.161650902837489, 
0.156559139784946, 0.158279569892473, 0.16122098022356, 0.39936346911866, 
0.39437551408376, 0.378539843735509, 0.410727064993931, 0.408437936282947, 
0.402205761622274, 0.415634502843633, 0.380255880317301, 0.380590770762676, 
0.414097779472674, 0.106666666666667, 0.106620808254514, 0.104471195184867, 
0.11006018916595, 0.112258064516129, 0.107480653482373, 0.110920034393809, 
0.106236559139785, 0.107956989247312, 0.110920034393809, 0.109247311827957, 
0.0920034393809114, 0.10146173688736, 0.0945829750644884, 0.100215053763441, 
0.102751504729149, 0.0799656061908856, 0.0959139784946237, 0.101505376344086, 
0.10189165950129, 0.200430107526882, 0.199914015477214, 0.191745485812554, 
0.201633705932932, 0.194838709677419, 0.193035253654342, 0.199054170249355, 
0.196559139784946, 0.196989247311828, 0.200773860705073, 0.01346837784715, 
0.0139488262706006, 0.0136909836023153, 0.0133575440513571, 0.0135682737888773, 
0.0151378598799765, 0.0131305685698844, 0.0153036882876633, 0.017549682044167, 
0.0136272160606963, 0.0658072544097134, 0.0657811488391573, 0.0657809805498579, 
0.065775862449809, 0.0658072020197305, 0.0657796176535412, 0.0657804522029623, 
0.06566962284516, 0.0658078018472142, 0.0657784196799998, 0.0658064516129032, 
0.0657781599312124, 0.0657781599312124, 0.0657781599312124, 0.0658064516129032, 
0.0657781599312124, 0.0657781599312124, 0.0658064516129032, 0.0658064516129032, 
0.0657781599312124, 0.0666666666666667, 0.0696474634565778, 0.0653482373172829, 
0.0653482373172829, 0.0653763440860216, 0.0584694754944111, 0.062768701633706, 
0.0731182795698925, 0.069247311827957, 0.0726569217540842, 129.166666666667, 
129.222222222222, 129.222222222222, 129.222222222222, 129.166666666667, 
129.222222222222, 129.222222222222, 129.166666666667, 129.166666666667, 
129.222222222222, 2325, 2326, 2326, 2326, 2325, 2326, 2326, 2325, 
2325, 2326, 0.0555555555555556, 0.0555555555555556, 0.0555555555555556, 
0.0555555555555556, 0.0555555555555556, 0.0555555555555556, 0.0555555555555556, 
0.0555555555555556, 0.0555555555555556, 0.0555555555555556, 0.35007557798252, 
0.349967284425538, 0.349967284425538, 0.349967284425538, 0.35007557798252, 
0.349967284425538, 0.349967284425538, 0.35007557798252, 0.35007557798252, 
0.349967284425538, 7.13326021016141, 7.13651197555261, 7.13651197555261, 
7.13651197555261, 7.13326021016141, 7.13651197555261, 7.13651197555261, 
7.13326021016141, 7.13326021016141, 7.13651197555261, 0.173887439157552, 
0.174265294612561, 0.173878826542405, 0.173749017649941, 0.174473007236319, 
0.175661387401881, 0.174214628463651, 0.173964059000981, 0.174474117668832, 
0.174906942556791, 0.662086569663201, 0.661076848298065, 0.657060861110354, 
0.658933378544572, 0.660369676407653, 0.656592064910768, 0.663671756246534, 
0.664863163494318, 0.663540715919691, 0.65880021242406, 0.30540844228526, 
0.308225050403245, 0.314810219076747, 0.321070933138333, 0.300450182328746, 
0.303673164762274, 0.307793066334701, 0.295336434000308, 0.291149060141866, 
0.321487140448114, 0.922779922779923, 0.918604651162791, 0.922480620155039, 
0.918604651162791, 0.922779922779923, 0.930232558139535, 0.922480620155039, 
0.934362934362934, 0.930501930501931, 0.922480620155039, 0.934362934362934, 
0.941860465116279, 0.910852713178295, 0.934108527131783, 0.934362934362934, 
0.934108527131783, 0.934108527131783, 0.934362934362934, 0.934362934362934, 
0.934108527131783, 0.88030888030888, 0.895348837209302, 0.86046511627907, 
0.922480620155039, 0.8996138996139, 0.906976744186046, 0.922480620155039, 
0.891891891891892, 0.891891891891892, 0.910852713178295, 0.934362934362934, 
0.934108527131783, 0.934108527131783, 0.934108527131783, 0.934362934362934, 
0.934108527131783, 0.934108527131783, 0.934362934362934, 0.934362934362934, 
0.934108527131783), .Dim = c(10L, 26L), .Dimnames = list(NULL, 
    c("overlapping.F1", "overlapping.F1v", "overlapping.F2", 
    "overlapping.F3", "overlapping.F4", "neighborhood.N1", "neighborhood.N2", 
    "neighborhood.N3", "neighborhood.N4", "neighborhood.T1", 
    "neighborhood.LSCAvg", "linearity.L1", "linearity.L2", "linearity.L3", 
    "dimensionality.T2", "dimensionality.T3", "dimensionality.T4", 
    "balance.C1", "balance.C2", "network.Density", "network.ClsCoef", 
    "network.Hubs", "ANN", "C4.5", "kNN", "SVM")))
