aux <-
structure(c(22.1858237653596, 22.1166511122716, 24.8319707752229, 
22.9552562450145, 23.5758849461864, 23.8782120054359, 24.4619018536631, 
22.7898091639672, 23.8739776388133, 22.963319244208, 27.5293053152356, 
27.928366217527, 28.5256081346716, 29.4889412020159, 28.7886453257197, 
28.9513092102968, 30.1963227018039, 27.749595829384, 29.475420156749, 
27.4730157718456, 0.00222744392548982, 0.0020108975880634, 0.00171109908545491, 
0.00245959858260544, 0.00159744102785873, 0.00214941110585475, 
0.00174377352319037, 0.00220654850118734, 0.00186701569762874, 
0.00211822182134582, 0.783068783068783, 0.785714285714286, 0.812169312169312, 
0.791005291005291, 0.791005291005291, 0.788359788359788, 0.801587301587302, 
0.775132275132275, 0.796296296296296, 0.785714285714286, 1, 1, 
1, 0.994708994708995, 0.994708994708995, 0.997354497354497, 0.992063492063492, 
1, 1, 1, 0.137566137566138, 0.132275132275132, 0.142857142857143, 
0.111111111111111, 0.116402116402116, 0.132275132275132, 0.126984126984127, 
0.132275132275132, 0.137566137566138, 0.142857142857143, 0.384368308008961, 
0.360730261478941, 0.369981733774394, 0.352157102103413, 0.375063926781469, 
0.369393142438475, 0.374393207747524, 0.397128816567072, 0.345675884809545, 
0.374577513041173, 0.0740740740740741, 0.0740740740740741, 0.0740740740740741, 
0.0423280423280423, 0.0634920634920635, 0.0740740740740741, 0.0687830687830688, 
0.0793650793650794, 0.0687830687830688, 0.0846560846560847, 0.0423280423280423, 
0.0317460317460317, 0.0264550264550265, 0.0317460317460317, 0.0476190476190476, 
0.0158730158730159, 0.0317460317460317, 0.0476190476190476, 0.0105820105820106, 
0.0264550264550265, 0.232804232804233, 0.19047619047619, 0.222222222222222, 
0.227513227513228, 0.195767195767196, 0.238095238095238, 0.238095238095238, 
0.227513227513228, 0.206349206349206, 0.253968253968254, 0.112230900590689, 
0.122392990117858, 0.116962011141905, 0.119369558522998, 0.118165784832451, 
0.123512779597436, 0.119453542733966, 0.108899526888945, 0.12883177962543, 
0.115926205873296, 0.0100925446545173, 0.00966450044583299, 0.0123409069999474, 
0.010381544559508, 0.00999664845680719, 0.0101706628192425, 0.00883387913302244, 
0.00829825822997192, 0.00622655201049743, 0.0108422695585794, 
0.0211640211640212, 0.0158730158730159, 0.0238095238095238, 0.0264550264550265, 
0.0132275132275133, 0.0238095238095238, 0.0185185185185185, 0.0211640211640212, 
0.0158730158730159, 0.0211640211640212, 0.00793650793650794, 
0.0185185185185185, 0.00793650793650794, 0.00529100529100531, 
0.00793650793650794, 0.0105820105820106, 0.00793650793650794, 
0.00793650793650794, 0.00793650793650794, 0.00529100529100527, 
27, 27, 27, 27, 27, 27, 27, 27, 27, 27, 94.5, 94.5, 94.5, 94.5, 
94.5, 94.5, 94.5, 94.5, 94.5, 94.5, 0.285714285714286, 0.285714285714286, 
0.285714285714286, 0.285714285714286, 0.285714285714286, 0.285714285714286, 
0.285714285714286, 0.285714285714286, 0.285714285714286, 0.285714285714286, 
1, 1, 1, 1, 1, 1, 1, 1, 1, 1, 1, 1, 1, 1, 1, 1, 1, 1, 1, 1, 0.15090622537431, 
0.15113137453563, 0.15101879995497, 0.151919396600248, 0.153326578858494, 
0.153551728019813, 0.152651131374536, 0.151694247438928, 0.153101429697174, 
0.150230777890352, 0.702119009486263, 0.696460242388413, 0.693710987813336, 
0.69831406492254, 0.696, 0.698751102319041, 0.696980707045017, 
0.701682771394105, 0.699144435218945, 0.699591755451558, 0.19921746465316, 
0.197117311932953, 0.20224317972132, 0.204239186358919, 0.201063307994863, 
0.199607116202427, 0.198186148175921, 0.198932227300203, 0.197351596952841, 
0.196157053060094, 0.952380952380952, 0.904761904761905, 1, 0.952380952380952, 
0.952380952380952, 0.952380952380952, 0.952380952380952, 0.952380952380952, 
0.904761904761905, 1, 0.952380952380952, 0.952380952380952, 0.952380952380952, 
0.952380952380952, 0.952380952380952, 0.904761904761905, 0.857142857142857, 
0.904761904761905, 0.904761904761905, 1, 0.952380952380952, 0.904761904761905, 
0.952380952380952, 0.904761904761905, 0.904761904761905, 0.952380952380952, 
0.952380952380952, 0.952380952380952, 1, 0.952380952380952, 0.952380952380952, 
0.952380952380952, 1, 0.904761904761905, 0.904761904761905, 0.952380952380952, 
0.904761904761905, 0.904761904761905, 0.857142857142857, 0.952380952380952
), .Dim = c(10L, 26L), .Dimnames = list(NULL, c("overlapping.F1", 
"overlapping.F1v", "overlapping.F2", "overlapping.F3", "overlapping.F4", 
"neighborhood.N1", "neighborhood.N2", "neighborhood.N3", "neighborhood.N4", 
"neighborhood.T1", "neighborhood.LSCAvg", "linearity.L1", "linearity.L2", 
"linearity.L3", "dimensionality.T2", "dimensionality.T3", "dimensionality.T4", 
"balance.C1", "balance.C2", "network.Density", "network.ClsCoef", 
"network.Hubs", "ANN", "C4.5", "kNN", "SVM")))
