aux <-
structure(c(0.450222655782128, 0.557358106553839, 0.42432261760963, 
0.539210549628274, 0.586620862018437, 0.696730923354294, 0.398819575897514, 
0.464714252523041, 0.538112455663507, 0.418507480060618, 6.79016036429253, 
7.17584509021436, 7.14140720948687, 7.45090865608365, 8.0310381480681, 
7.56894778066049, 6.8072145383988, 6.80932995889115, 7.06606266700107, 
6.54031461942858, 9.91423258768245e-07, 2.01046556032355e-06, 
1.04154787090425e-06, 9.33342663298516e-07, 9.29651694386929e-07, 
8.8377391773571e-08, 1.05260613840841e-06, 1.96395676993224e-06, 
3.10619872924056e-07, 6.54755389884535e-07, 0.0802139037433155, 
0.0638297872340425, 0.053475935828877, 0.0588235294117647, 0.0641711229946524, 
0.132978723404255, 0.0909090909090909, 0.053475935828877, 0.0855614973262032, 
0.0748663101604278, 1, 1, 1, 1, 1, 1, 1, 1, 0.962566844919786, 
1, 0.315508021390374, 0.292553191489362, 0.294117647058824, 0.299465240641711, 
0.283422459893048, 0.303191489361702, 0.267379679144385, 0.299465240641711, 
0.294117647058824, 0.294117647058824, 0.748067906635888, 0.736335108012097, 
0.73841223890231, 0.744093810385821, 0.742137170652192, 0.739890545195735, 
0.751105324140832, 0.749312947696978, 0.734361068671047, 0.735997660513386, 
0.160427807486631, 0.138297872340426, 0.144385026737968, 0.155080213903743, 
0.133689839572193, 0.143617021276596, 0.133689839572193, 0.165775401069519, 
0.149732620320856, 0.149732620320856, 0.0481283422459893, 0.0372340425531915, 
0.0267379679144385, 0.0641711229946524, 0.0267379679144385, 0.0319148936170213, 
0.0160427807486631, 0.0267379679144385, 0.0481283422459893, 0.0267379679144385, 
0.775401069518717, 0.76063829787234, 0.764705882352941, 0.759358288770054, 
0.79144385026738, 0.781914893617021, 0.780748663101604, 0.818181818181818, 
0.74331550802139, 0.759358288770054, 0.0366038491235094, 0.0384789497510186, 
0.0359747204666991, 0.0366610426377649, 0.0335725928679688, 0.0338671344499774, 
0.0350882209957391, 0.0358031399239326, 0.0364608653378707, 0.0360605107380823, 
0.0373729045840276, 0.0548845057514146, 0.0501212573728975, 0.0482047067428545, 
0.0441653548772319, 0.0417776432963625, 0.0508306970478092, 0.0492947084523029, 
0.0482642202304315, 0.0582272092494957, 0.0802139037433155, 0.0691489361702128, 
0.053475935828877, 0.053475935828877, 0.0588235294117647, 0.0585106382978723, 
0.0588235294117647, 0.0748663101604278, 0.053475935828877, 0.0641711229946524, 
0.106951871657754, 0.132978723404255, 0.160427807486631, 0.0962566844919787, 
0.144385026737968, 0.106382978723404, 0.171122994652406, 0.106951871657754, 
0.0748663101604278, 0.128342245989305, 3.11666666666667, 3.13333333333333, 
3.11666666666667, 3.11666666666667, 3.11666666666667, 3.13333333333333, 
3.11666666666667, 3.11666666666667, 3.11666666666667, 3.11666666666667, 
11, 11.0588235294118, 11, 11, 11, 11.0588235294118, 11, 11, 11, 
11, 0.283333333333333, 0.283333333333333, 0.283333333333333, 
0.283333333333333, 0.283333333333333, 0.283333333333333, 0.283333333333333, 
0.283333333333333, 0.283333333333333, 0.283333333333333, 0.996511020762974, 
0.997059056903411, 0.996511020762974, 0.996511020762974, 0.996511020762974, 
0.997059056903411, 0.997502546369115, 0.996511020762974, 0.996511020762974, 
0.996511020762974, 1.00971264367816, 1.00818181818182, 1.00971264367816, 
1.00971264367816, 1.00971264367816, 1.00818181818182, 1.00694444444444, 
1.00971264367816, 1.00971264367816, 1.00971264367816, 0.131332298315221, 
0.133974286039367, 0.130297280202404, 0.134034845609798, 0.13110229429015, 
0.130731596313574, 0.13230981542177, 0.128744753033178, 0.132884825484446, 
0.131274797308953, 0.565294078860609, 0.563264167609366, 0.556766469076926, 
0.556117624810893, 0.54750974875364, 0.556505301224624, 0.556436792726569, 
0.562958403857004, 0.564543249797898, 0.55402276198453, 0.261002493036847, 
0.263588419607858, 0.272704726447727, 0.269600897360964, 0.259113360703908, 
0.24770484450304, 0.257507975835013, 0.252421570749172, 0.241976488430112, 
0.255146925976583, 0.857142857142857, 0.8, 0.761904761904762, 
0.80952380952381, 0.857142857142857, 0.75, 0.904761904761905, 
0.904761904761905, 0.80952380952381, 0.761904761904762, 0.80952380952381, 
0.65, 0.761904761904762, 0.80952380952381, 0.714285714285714, 
0.9, 0.714285714285714, 0.857142857142857, 0.523809523809524, 
0.761904761904762, 0.80952380952381, 0.85, 0.857142857142857, 
0.857142857142857, 0.904761904761905, 1, 0.80952380952381, 0.952380952380952, 
0.857142857142857, 0.80952380952381, 0.80952380952381, 0.75, 
0.857142857142857, 0.761904761904762, 0.80952380952381, 0.75, 
0.904761904761905, 0.952380952380952, 0.761904761904762, 0.761904761904762
), .Dim = c(10L, 26L), .Dimnames = list(NULL, c("overlapping.F1", 
"overlapping.F1v", "overlapping.F2", "overlapping.F3", "overlapping.F4", 
"neighborhood.N1", "neighborhood.N2", "neighborhood.N3", "neighborhood.N4", 
"neighborhood.T1", "neighborhood.LSCAvg", "linearity.L1", "linearity.L2", 
"linearity.L3", "dimensionality.T2", "dimensionality.T3", "dimensionality.T4", 
"balance.C1", "balance.C2", "network.Density", "network.ClsCoef", 
"network.Hubs", "ANN", "C4.5", "kNN", "SVM")))
