aux <-
structure(c(0.507461947909128, 7.13812290325256, 9.9767466106043e-07, 
0.0758305836841506, 0.996256684491979, 0.294333826373877, 0.741971378080629, 
0.147442826260098, 0.0352571396063261, 0.773506656047332, 0.0358571026292563, 
0.0483143207604828, 0.0624985777676641, 0.122866651496188, 3.12, 
11.0117647058824, 0.283333333333333, 0.996719780551676, 1.00912965865552, 
0.131668679201886, 0.558341859870206, 0.258076770265122, 0.821666666666667, 
0.750238095238095, 0.870714285714286, 0.811904761904762), .Names = c("overlapping.F1", 
"overlapping.F1v", "overlapping.F2", "overlapping.F3", "overlapping.F4", 
"neighborhood.N1", "neighborhood.N2", "neighborhood.N3", "neighborhood.N4", 
"neighborhood.T1", "neighborhood.LSCAvg", "linearity.L1", "linearity.L2", 
"linearity.L3", "dimensionality.T2", "dimensionality.T3", "dimensionality.T4", 
"balance.C1", "balance.C2", "network.Density", "network.ClsCoef", 
"network.Hubs", "ANN", "C4.5", "kNN", "SVM"))
