aux <-
structure(c(0.187701923826467, 0.809371573915721, 0.688336514797753, 
0.0294124712693421, 0.0334058932710154, 0.489483521344835, 0.627167902048248, 
0.336612225075253, 0.277767510073762, 0.470957733475664, 0.0162190413914217, 
0.196362159922707, 0.25564100862641, 0.259243097429388, 19.6714285714285, 
137.7, 0.142857142857143, 0.833762142435807, 1.56890840249758, 
0.108257235835148, 0.474125088118195, 0.50571356135041, 0.712190860215054, 
0.711875, 0.643897849462366, 0.722405913978495), .Names = c("overlapping.F1", 
"overlapping.F1v", "overlapping.F2", "overlapping.F3", "overlapping.F4", 
"neighborhood.N1", "neighborhood.N2", "neighborhood.N3", "neighborhood.N4", 
"neighborhood.T1", "neighborhood.LSCAvg", "linearity.L1", "linearity.L2", 
"linearity.L3", "dimensionality.T2", "dimensionality.T3", "dimensionality.T4", 
"balance.C1", "balance.C2", "network.Density", "network.ClsCoef", 
"network.Hubs", "ANN", "C4.5", "kNN", "SVM"))
