aux <-
structure(c(0.1664382957081, 0.182206271609925, 0.197206153274249, 
0.188988508280775, 0.188397191748043, 0.204425844297745, 0.214106440988523, 
0.20254258962279, 0.16553473230386, 0.167173210430661, 0.625783273643154, 
0.784470876590408, 0.865091764054184, 0.886931277204527, 0.791582997450664, 
1.01597634764222, 0.805999895505392, 0.84381435736673, 0.689922039902979, 
0.784142909796954, 0.717706821480406, 0.717706821480406, 0.717706821480406, 
0.717706821480406, 0.717706821480406, 0.468069666182874, 0.617309269893355, 
0.717706821480406, 0.774038461538461, 0.717706821480406, 0.0254545454545455, 
0.0290909090909091, 0.0326086956521739, 0.0326086956521739, 0.0217391304347826, 
0.0289855072463768, 0.0328467153284672, 0.0326086956521739, 0.0290909090909091, 
0.0290909090909091, 0.0290909090909091, 0.0327272727272727, 0.036231884057971, 
0.036231884057971, 0.0253623188405797, 0.036231884057971, 0.0364963503649635, 
0.036231884057971, 0.0327272727272727, 0.0327272727272727, 0.505454545454545, 
0.483636363636364, 0.510869565217391, 0.456521739130435, 0.492753623188406, 
0.467391304347826, 0.496350364963504, 0.489130434782609, 0.494545454545455, 
0.498181818181818, 0.668611247599053, 0.562933178966472, 0.64840948966359, 
0.60094965270965, 0.61391625106485, 0.621355903223049, 0.594100902851754, 
0.636023840791999, 0.663673201182784, 0.661705352429284, 0.338181818181818, 
0.345454545454545, 0.329710144927536, 0.322463768115942, 0.340579710144928, 
0.322463768115942, 0.339416058394161, 0.340579710144928, 0.345454545454545, 
0.341818181818182, 0.236363636363636, 0.290909090909091, 0.25, 
0.271739130434783, 0.304347826086957, 0.25, 0.27007299270073, 
0.333333333333333, 0.316363636363636, 0.254545454545455, 0.476363636363636, 
0.461818181818182, 0.442028985507246, 0.456521739130435, 0.489130434782609, 
0.467391304347826, 0.45985401459854, 0.471014492753623, 0.498181818181818, 
0.487272727272727, 0.0149685950413223, 0.0183272727272727, 0.0157004830917874, 
0.016435622768326, 0.0169869775257299, 0.0158711405166982, 0.0168229527412222, 
0.0159236504935938, 0.0147834710743802, 0.0163702479338843, 0.210916493373886, 
0.196998521791205, 0.19277699006876, 0.192070174163579, 0.194461840135178, 
0.189741836034054, 0.193237871406916, 0.193948627037132, 0.207458792899399, 
0.192010452316956, 0.265454545454545, 0.250909090909091, 0.239130434782609, 
0.257246376811594, 0.25, 0.242753623188406, 0.262773722627737, 
0.260869565217391, 0.269090909090909, 0.258181818181818, 0.272727272727273, 
0.250909090909091, 0.257246376811594, 0.289855072463768, 0.27536231884058, 
0.264492753623188, 0.255474452554745, 0.25, 0.258181818181818, 
0.218181818181818, 19.6428571428571, 19.6428571428571, 19.7142857142857, 
19.7142857142857, 19.7142857142857, 19.7142857142857, 19.5714285714286, 
19.7142857142857, 19.6428571428571, 19.6428571428571, 137.5, 
137.5, 138, 138, 138, 138, 137, 138, 137.5, 137.5, 0.142857142857143, 
0.142857142857143, 0.142857142857143, 0.142857142857143, 0.142857142857143, 
0.142857142857143, 0.142857142857143, 0.142857142857143, 0.142857142857143, 
0.142857142857143, 0.834866309088008, 0.834866309088008, 0.833450601753415, 
0.833450601753415, 0.833450601753415, 0.833450601753415, 0.830903179238961, 
0.833450601753415, 0.834866309088008, 0.834866309088008, 1.56425471314255, 
1.56425471314255, 1.57021391456913, 1.57021391456913, 1.57021391456913, 
1.57021391456913, 1.58099559955996, 1.57021391456913, 1.56425471314255, 
1.56425471314255, 0.108002654280027, 0.107763769077638, 0.108722002635046, 
0.108063241106719, 0.107905138339921, 0.108880105401845, 0.109676211865993, 
0.108748353096179, 0.107126741871267, 0.107684140676841, 0.47382172723419, 
0.478203946298118, 0.471095304117186, 0.468405146755804, 0.474214577562857, 
0.476545770123752, 0.469385600410253, 0.474428923954631, 0.480115843752207, 
0.475034040972953, 0.484899909851424, 0.520942552406284, 0.511970854885222, 
0.521021762042752, 0.496660147659111, 0.489059977568426, 0.507111664872487, 
0.524977444577004, 0.499233302164699, 0.501257997476692, 0.806451612903226, 
0.741935483870968, 0.633333333333333, 0.633333333333333, 0.733333333333333, 
0.733333333333333, 0.6875, 0.733333333333333, 0.741935483870968, 
0.67741935483871, 0.741935483870968, 0.774193548387097, 0.733333333333333, 
0.7, 0.766666666666667, 0.466666666666667, 0.71875, 0.733333333333333, 
0.741935483870968, 0.741935483870968, 0.612903225806452, 0.612903225806452, 
0.633333333333333, 0.633333333333333, 0.666666666666667, 0.666666666666667, 
0.625, 0.633333333333333, 0.741935483870968, 0.612903225806452, 
0.741935483870968, 0.709677419354839, 0.733333333333333, 0.766666666666667, 
0.733333333333333, 0.666666666666667, 0.6875, 0.733333333333333, 
0.741935483870968, 0.709677419354839), .Dim = c(10L, 26L), .Dimnames = list(
    NULL, c("overlapping.F1", "overlapping.F1v", "overlapping.F2", 
    "overlapping.F3", "overlapping.F4", "neighborhood.N1", "neighborhood.N2", 
    "neighborhood.N3", "neighborhood.N4", "neighborhood.T1", 
    "neighborhood.LSCAvg", "linearity.L1", "linearity.L2", "linearity.L3", 
    "dimensionality.T2", "dimensionality.T3", "dimensionality.T4", 
    "balance.C1", "balance.C2", "network.Density", "network.ClsCoef", 
    "network.Hubs", "ANN", "C4.5", "kNN", "SVM")))
