aux <-
structure(c(Inf, 4.8667129485635, 0, 0.0833357071642216, 0.136333855576129, 
0.578307933342829, 1.00367584211369, 0.491596638655462, 0.154059250818972, 
0.916664292835779, 0.0118609839799177, 0.156446442131818, 0.153218914684518, 
0.16165788349238, 5.16521739130435, 6.25263157894737, 0.826086956521739, 
0.995845501571276, 1.01157482563732, 0.0890028327715267, 0.492421705272149, 
0.22868955508361, 0.764285714285714, 0.787362637362637, 0.529120879120879, 
0.75054945054945), .Names = c("overlapping.F1", "overlapping.F1v", 
"overlapping.F2", "overlapping.F3", "overlapping.F4", "neighborhood.N1", 
"neighborhood.N2", "neighborhood.N3", "neighborhood.N4", "neighborhood.T1", 
"neighborhood.LSCAvg", "linearity.L1", "linearity.L2", "linearity.L3", 
"dimensionality.T2", "dimensionality.T3", "dimensionality.T4", 
"balance.C1", "balance.C2", "network.Density", "network.ClsCoef", 
"network.Hubs", "ANN", "C4.5", "kNN", "SVM"))
