aux <-
structure(c(Inf, Inf, Inf, Inf, Inf, Inf, Inf, Inf, Inf, Inf, 
4.64098342447982, 4.20181313495582, 4.94095880270003, 4.24803339519667, 
6.07629444323304, 5.59372398237503, 4.12615543862503, 5.08715307568157, 
5.32684008691102, 4.42517370147697, 0, 0, 0, 0, 0, 0, 0, 0, 0, 
0, 0.092436974789916, 0.0756302521008403, 0.0840336134453782, 
0.0847457627118644, 0.0840336134453782, 0.0756302521008403, 0.0756302521008403, 
0.0847457627118644, 0.0840336134453782, 0.092436974789916, 0.176470588235294, 
0.0756302521008403, 0.159663865546218, 0.0847457627118644, 0.235294117647059, 
0.151260504201681, 0.0756302521008403, 0.152542372881356, 0.159663865546218, 
0.092436974789916, 0.563025210084034, 0.588235294117647, 0.563025210084034, 
0.601694915254237, 0.588235294117647, 0.563025210084034, 0.588235294117647, 
0.584745762711864, 0.563025210084034, 0.579831932773109, 0.966850828729282, 
1.01704545454545, 1, 1.01704545454545, 1, 1, 1.04, 1.01136363636364, 
0.956043956043956, 1.02840909090909, 0.453781512605042, 0.512605042016807, 
0.487394957983193, 0.491525423728814, 0.487394957983193, 0.512605042016807, 
0.512605042016807, 0.508474576271186, 0.453781512605042, 0.495798319327731, 
0.159663865546218, 0.142857142857143, 0.168067226890756, 0.177966101694915, 
0.092436974789916, 0.168067226890756, 0.19327731092437, 0.152542372881356, 
0.134453781512605, 0.151260504201681, 0.915966386554622, 0.915966386554622, 
0.92436974789916, 0.915254237288136, 0.92436974789916, 0.907563025210084, 
0.915966386554622, 0.915254237288136, 0.915966386554622, 0.915966386554622, 
0.0121460348845421, 0.0118635689569946, 0.0115104865475602, 0.0118500430910658, 
0.0115104865475602, 0.0122166513664289, 0.0116517195113339, 0.0119218615340419, 
0.0122166513664289, 0.0117223359932208, 0.176420070975667, 0.19804127473261, 
0.131203367220573, 0.152748395260641, 0.114285151057765, 0.15123935545796, 
0.186261757920546, 0.15251177251357, 0.138721548198586, 0.163031727980264, 
0.142857142857143, 0.151260504201681, 0.151260504201681, 0.177966101694915, 
0.142857142857143, 0.151260504201681, 0.159663865546218, 0.152542372881356, 
0.126050420168067, 0.176470588235294, 0.19327731092437, 0.142857142857143, 
0.168067226890756, 0.203389830508475, 0.109243697478992, 0.201680672268908, 
0.151260504201681, 0.169491525423729, 0.117647058823529, 0.159663865546218, 
5.17391304347826, 5.17391304347826, 5.17391304347826, 5.1304347826087, 
5.17391304347826, 5.17391304347826, 5.17391304347826, 5.1304347826087, 
5.17391304347826, 5.17391304347826, 6.26315789473684, 6.26315789473684, 
6.26315789473684, 6.21052631578947, 6.26315789473684, 6.26315789473684, 
6.26315789473684, 6.21052631578947, 6.26315789473684, 6.26315789473684, 
0.826086956521739, 0.826086956521739, 0.826086956521739, 0.826086956521739, 
0.826086956521739, 0.826086956521739, 0.826086956521739, 0.826086956521739, 
0.826086956521739, 0.826086956521739, 0.995869996552849, 0.995869996552849, 
0.995869996552849, 0.996681867799545, 0.995869996552849, 0.995869996552849, 
0.995869996552849, 0.994813175490423, 0.995869996552849, 0.995869996552849, 
1.01150568181818, 1.01150568181818, 1.01150568181818, 1.00923520923521, 
1.01150568181818, 1.01150568181818, 1.01150568181818, 1.01446759259259, 
1.01150568181818, 1.01150568181818, 0.0904429568437544, 0.0887337986041874, 
0.0885913687508902, 0.0877879182963929, 0.0925794046432132, 0.0885913687508902, 
0.0893035180173764, 0.089236563812835, 0.0885913687508902, 0.0861700612448369, 
0.484030589293747, 0.486994672516453, 0.485245384251223, 0.512761402931006, 
0.479811670709088, 0.49557801642451, 0.482421277896668, 0.489266260813842, 
0.505238095238095, 0.50286968264686, 0.279238375312327, 0.155946590746029, 
0.254673187584156, 0.142868852590697, 0.162357050381553, 0.251811251193578, 
0.229425012900345, 0.243037362392318, 0.363365711389556, 0.204172156345541, 
0.692307692307692, 0.846153846153846, 0.846153846153846, 0.928571428571429, 
0.692307692307692, 0.769230769230769, 0.846153846153846, 0.714285714285714, 
0.615384615384615, 0.692307692307692, 0.846153846153846, 0.769230769230769, 
0.769230769230769, 0.928571428571429, 0.615384615384615, 0.692307692307692, 
1, 0.714285714285714, 0.692307692307692, 0.846153846153846, 0.384615384615385, 
0.615384615384615, 0.384615384615385, 0.642857142857143, 0.538461538461538, 
0.538461538461538, 0.692307692307692, 0.571428571428571, 0.307692307692308, 
0.615384615384615, 0.846153846153846, 1, 0.615384615384615, 0.785714285714286, 
0.615384615384615, 0.692307692307692, 0.692307692307692, 0.642857142857143, 
0.692307692307692, 0.923076923076923), .Dim = c(10L, 26L), .Dimnames = list(
    NULL, c("overlapping.F1", "overlapping.F1v", "overlapping.F2", 
    "overlapping.F3", "overlapping.F4", "neighborhood.N1", "neighborhood.N2", 
    "neighborhood.N3", "neighborhood.N4", "neighborhood.T1", 
    "neighborhood.LSCAvg", "linearity.L1", "linearity.L2", "linearity.L3", 
    "dimensionality.T2", "dimensionality.T3", "dimensionality.T4", 
    "balance.C1", "balance.C2", "network.Density", "network.ClsCoef", 
    "network.Hubs", "ANN", "C4.5", "kNN", "SVM")))
