aux <-
structure(c(0.481575679091016, 50.6153662444415, 0.366992054502492, 
0.0905555555555556, 0.431666666666667, 0.120555555555556, 0.349085717009166, 
0.0305555555555556, 0.166111111111111, 0.352222222222222, 0.0433734567901235, 
0.00132517051731757, 0.00499999999999999, 0.138888888888889, 
22.5, 162, 0.15, 1, 1, 0.0972687771570453, 0.767189241701439, 
0.159659572852503, 0.995, 0.925, 0.96, 0.965), .Names = c("overlapping.F1", 
"overlapping.F1v", "overlapping.F2", "overlapping.F3", "overlapping.F4", 
"neighborhood.N1", "neighborhood.N2", "neighborhood.N3", "neighborhood.N4", 
"neighborhood.T1", "neighborhood.LSCAvg", "linearity.L1", "linearity.L2", 
"linearity.L3", "dimensionality.T2", "dimensionality.T3", "dimensionality.T4", 
"balance.C1", "balance.C2", "network.Density", "network.ClsCoef", 
"network.Hubs", "ANN", "C4.5", "kNN", "SVM"))
