aux <-
structure(c(0.542876772004204, 0.424828689972778, 0.417717886089207, 
0.48206306535784, 0.451597121413572, 0.435480312980373, 0.565692235000275, 
0.466695020881193, 0.419951617018764, 0.608854070191949, 48.5231460865368, 
53.3023918710808, 50.5826763535454, 53.3707208694734, 53.242815361437, 
49.1697279192793, 51.1015113571804, 48.2509095951743, 49.6385592081286, 
48.971203822579, 0.383666173028648, 0.471118026194637, 0.441699711806091, 
0.209909487225423, 0.383666173028648, 0.383666173028648, 0.387481182637773, 
0.383666173028648, 0.375992849568075, 0.249054595478324, 0.0833333333333333, 
0.0833333333333333, 0.0611111111111111, 0.127777777777778, 0.0777777777777778, 
0.0833333333333333, 0.0722222222222222, 0.0833333333333333, 0.0833333333333333, 
0.15, 0.4, 0.394444444444444, 0.372222222222222, 0.527777777777778, 
0.394444444444444, 0.394444444444444, 0.416666666666667, 0.438888888888889, 
0.377777777777778, 0.6, 0.116666666666667, 0.116666666666667, 
0.133333333333333, 0.122222222222222, 0.1, 0.127777777777778, 
0.127777777777778, 0.127777777777778, 0.105555555555556, 0.127777777777778, 
0.332973836664543, 0.353808516602529, 0.348634727842614, 0.33076640448542, 
0.349542479395376, 0.359163306993249, 0.363507532646987, 0.351791229959584, 
0.361649955646718, 0.339019179854635, 0.0277777777777778, 0.0388888888888889, 
0.0333333333333333, 0.0111111111111111, 0.0277777777777778, 0.0388888888888889, 
0.0388888888888889, 0.0333333333333333, 0.0277777777777778, 0.0277777777777778, 
0.144444444444444, 0.216666666666667, 0.205555555555556, 0.188888888888889, 
0.166666666666667, 0.127777777777778, 0.183333333333333, 0.138888888888889, 
0.138888888888889, 0.15, 0.355555555555556, 0.35, 0.35, 0.35, 
0.338888888888889, 0.366666666666667, 0.361111111111111, 0.355555555555556, 
0.338888888888889, 0.355555555555556, 0.0450925925925926, 0.0418518518518518, 
0.043641975308642, 0.0442592592592593, 0.043858024691358, 0.0412962962962963, 
0.0432716049382716, 0.0442592592592593, 0.0432407407407407, 0.042962962962963, 
0.00178380893700836, 0.00119904827301864, 0.000271040048954275, 
0, 0.000145681483281243, 0.00108089662517266, 0.00180677631104247, 
0.00229288939568466, 0.00136610948895715, 0.00330545461005624, 
0.00555555555555554, 0.00555555555555554, 0.00555555555555554, 
0, 0.00555555555555554, 0.00555555555555554, 0.00555555555555554, 
0.00555555555555554, 0.00555555555555554, 0.00555555555555554, 
0.172222222222222, 0.161111111111111, 0.0944444444444444, 0.133333333333333, 
0.15, 0.144444444444444, 0.0944444444444444, 0.155555555555556, 
0.15, 0.133333333333333, 22.5, 22.5, 22.5, 22.5, 22.5, 22.5, 
22.5, 22.5, 22.5, 22.5, 180, 180, 90, 180, 180, 180, 180, 180, 
90, 180, 0.125, 0.125, 0.25, 0.125, 0.125, 0.125, 0.125, 0.125, 
0.25, 0.125, 1, 1, 1, 1, 1, 1, 1, 1, 1, 1, 1, 1, 1, 1, 1, 1, 
1, 1, 1, 1, 0.0985102420856611, 0.0948479205462446, 0.0973929236499069, 
0.09764121663563, 0.0969584109248914, 0.0954686530105524, 0.0989447548106766, 
0.0983240223463687, 0.0965238981998759, 0.0980757293606456, 0.764265372850965, 
0.760584618953718, 0.766715063520871, 0.776114017679957, 0.770498962768861, 
0.763003165988241, 0.769591985808202, 0.768246110325318, 0.766994633273703, 
0.765878485844555, 0.167831902667702, 0.166370530926323, 0.156221890683914, 
0.157197615589191, 0.157058607947749, 0.152555639253136, 0.159186961422976, 
0.157313525217956, 0.159421696416909, 0.163437358399169, 1, 1, 
1, 0.95, 1, 1, 1, 1, 1, 1, 0.85, 0.85, 1, 0.8, 0.95, 1, 1, 1, 
0.9, 0.9, 0.9, 1, 1, 0.9, 0.9, 1, 1, 1, 0.95, 0.95, 1, 1, 1, 
0.9, 0.95, 0.95, 0.95, 1, 1, 0.9), .Dim = c(10L, 26L), .Dimnames = list(
    NULL, c("overlapping.F1", "overlapping.F1v", "overlapping.F2", 
    "overlapping.F3", "overlapping.F4", "neighborhood.N1", "neighborhood.N2", 
    "neighborhood.N3", "neighborhood.N4", "neighborhood.T1", 
    "neighborhood.LSCAvg", "linearity.L1", "linearity.L2", "linearity.L3", 
    "dimensionality.T2", "dimensionality.T3", "dimensionality.T4", 
    "balance.C1", "balance.C2", "network.Density", "network.ClsCoef", 
    "network.Hubs", "ANN", "C4.5", "kNN", "SVM")))
