aux <-
structure(c(Inf, 7.33943463547585, 0, 0.0907524110752268, 0.441689769165547, 
0.469478105817384, 0.874577015489177, 0.348116471525972, 0.132428683935586, 
0.900031756012207, 0.014735550265086, 0.0738839332615442, 0.0777976252854072, 
0.107376921635689, 4.90909090909091, 6, 0.818181818181818, 0.934044417998466, 
1.19789828587457, 0.101756700653389, 0.506942239920856, 0.422212994892844, 
0.832867132867133, 0.866317016317016, 0.567657342657343, 0.667016317016317
), .Names = c("overlapping.F1", "overlapping.F1v", "overlapping.F2", 
"overlapping.F3", "overlapping.F4", "neighborhood.N1", "neighborhood.N2", 
"neighborhood.N3", "neighborhood.N4", "neighborhood.T1", "neighborhood.LSCAvg", 
"linearity.L1", "linearity.L2", "linearity.L3", "dimensionality.T2", 
"dimensionality.T3", "dimensionality.T4", "balance.C1", "balance.C2", 
"network.Density", "network.ClsCoef", "network.Hubs", "ANN", 
"C4.5", "kNN", "SVM"))
