aux <-
structure(c(Inf, Inf, Inf, Inf, Inf, Inf, Inf, Inf, Inf, Inf, 
7.34820757940515, 6.65389440951886, 7.21678329902088, 8.3729640433818, 
6.96638266090604, 6.65523693270939, 7.87908886154111, 7.34046047463433, 
7.47146460355184, 7.48986349008906, 0, 0, 0, 0, 0, 0, 0, 0, 0, 
0, 0.0917431192660551, 0.0934579439252336, 0.0833333333333333, 
0.101851851851852, 0.0833333333333333, 0.0925925925925926, 0.0934579439252336, 
0.0925925925925926, 0.0825688073394495, 0.0925925925925926, 0.44954128440367, 
0.383177570093458, 0.444444444444444, 0.537037037037037, 0.435185185185185, 
0.407407407407407, 0.476635514018692, 0.425925925925926, 0.385321100917431, 
0.472222222222222, 0.495412844036697, 0.448598130841121, 0.462962962962963, 
0.444444444444444, 0.453703703703704, 0.490740740740741, 0.532710280373832, 
0.453703703703704, 0.44954128440367, 0.462962962962963, 0.915730337078652, 
0.892655367231638, 0.869047619047619, 0.829545454545455, 0.869047619047619, 
0.893258426966292, 0.873684210526316, 0.869047619047619, 0.864705882352941, 
0.869047619047619, 0.311926605504587, 0.327102803738318, 0.37037037037037, 
0.361111111111111, 0.37962962962963, 0.342592592592593, 0.308411214953271, 
0.361111111111111, 0.357798165137615, 0.361111111111111, 0.119266055045872, 
0.0934579439252336, 0.157407407407407, 0.138888888888889, 0.12037037037037, 
0.12037037037037, 0.158878504672897, 0.175925925925926, 0.110091743119266, 
0.12962962962963, 0.926605504587156, 0.925233644859813, 0.907407407407407, 
0.740740740740741, 0.907407407407407, 0.925925925925926, 0.94392523364486, 
0.907407407407407, 0.908256880733945, 0.907407407407407, 0.0131302078949583, 
0.0135383002882348, 0.01440329218107, 0.0222908093278464, 0.01440329218107, 
0.013460219478738, 0.0130142370512709, 0.01440329218107, 0.0143085598855315, 
0.01440329218107, 0.0610631812738395, 0.0841014704211562, 0.0657512534269334, 
0.0648172849613657, 0.0740570196401052, 0.0743976752612137, 0.0778913182154834, 
0.0790615363849415, 0.0788298787186544, 0.0788687143117489, 0.073394495412844, 
0.0841121495327103, 0.0833333333333334, 0.0648148148148148, 0.0740740740740741, 
0.0925925925925926, 0.0841121495327103, 0.0740740740740741, 0.073394495412844, 
0.0740740740740741, 0.146788990825688, 0.0934579439252337, 0.12037037037037, 
0.0648148148148148, 0.12962962962963, 0.111111111111111, 0.11214953271028, 
0.111111111111111, 0.0917431192660551, 0.0925925925925926, 4.95454545454545, 
4.86363636363636, 4.90909090909091, 4.90909090909091, 4.90909090909091, 
4.90909090909091, 4.86363636363636, 4.90909090909091, 4.95454545454545, 
4.90909090909091, 6.05555555555556, 5.94444444444444, 6, 6, 6, 
6, 5.94444444444444, 6, 6.05555555555556, 6, 0.818181818181818, 
0.818181818181818, 0.818181818181818, 0.818181818181818, 0.818181818181818, 
0.818181818181818, 0.818181818181818, 0.818181818181818, 0.818181818181818, 
0.818181818181818, 0.932833031238498, 0.930255904957981, 0.935711051265284, 
0.935711051265284, 0.935711051265284, 0.935711051265284, 0.930255904957981, 
0.935711051265284, 0.932833031238498, 0.935711051265284, 1.20181616011861, 
1.21023166023166, 1.19248120300752, 1.19248120300752, 1.19248120300752, 
1.19248120300752, 1.21023166023166, 1.19248120300752, 1.20181616011861, 
1.19248120300752, 0.100067957866123, 0.102980074061012, 0.102457597784701, 
0.104707511249567, 0.0998615437867774, 0.100034614053306, 0.104919767236819, 
0.100034614053306, 0.101257220523276, 0.101246105919003, 0.513904338153504, 
0.495688979463866, 0.507958801498127, 0.508642717571021, 0.508682830930537, 
0.518542721777487, 0.50435979807251, 0.509891196834817, 0.497440670079107, 
0.504310344827586, 0.449363462952435, 0.443515570663665, 0.443664969182641, 
0.385181075047507, 0.443552858852671, 0.364394266723949, 0.419481400605018, 
0.43825620239474, 0.464669474679782, 0.370050667826031, 0.909090909090909, 
1, 0.916666666666667, 0.666666666666667, 0.916666666666667, 1, 
0.692307692307692, 0.666666666666667, 0.727272727272727, 0.833333333333333, 
0.909090909090909, 1, 0.916666666666667, 0.916666666666667, 0.916666666666667, 
0.833333333333333, 0.769230769230769, 0.833333333333333, 0.818181818181818, 
0.75, 0.545454545454545, 0.538461538461538, 0.583333333333333, 
0.666666666666667, 0.416666666666667, 0.416666666666667, 0.615384615384615, 
0.416666666666667, 0.727272727272727, 0.75, 0.636363636363636, 
0.615384615384615, 0.75, 0.666666666666667, 0.666666666666667, 
0.666666666666667, 0.615384615384615, 0.666666666666667, 0.636363636363636, 
0.75), .Dim = c(10L, 26L), .Dimnames = list(NULL, c("overlapping.F1", 
"overlapping.F1v", "overlapping.F2", "overlapping.F3", "overlapping.F4", 
"neighborhood.N1", "neighborhood.N2", "neighborhood.N3", "neighborhood.N4", 
"neighborhood.T1", "neighborhood.LSCAvg", "linearity.L1", "linearity.L2", 
"linearity.L3", "dimensionality.T2", "dimensionality.T3", "dimensionality.T4", 
"balance.C1", "balance.C2", "network.Density", "network.ClsCoef", 
"network.Hubs", "ANN", "C4.5", "kNN", "SVM")))
