aux <-
structure(c(Inf, 486.202372940915, 2754.55360103626, 479.011235703596, 
461.022417322921, 508.307161590568, 488.853870833502, 475.031600999466, 
515.818838013792, 477.994016607616, 5.33733050019864, 5.26311911152539, 
5.3758315978992, 5.33176518913795, 5.45330334384801, 5.35959285564768, 
5.45117376663177, 5.27703473735185, 5.27001283741561, 5.37093135159691, 
0, 1.64935905802293e-33, 1.94262856489925e-36, 1.19224600860909e-32, 
6.20058789433748e-32, 1.01539179963698e-33, 3.56281579060055e-34, 
1.73820965535839e-33, 1.43550797054775e-32, 8.73847169623305e-34, 
0.0898550724637681, 0.091523786524994, 0.142960637527167, 0.0891304347826087, 
0.0903163487080415, 0.0919845485272815, 0.090074861144651, 0.0927536231884058, 
0.0912602607436021, 0.0929727119053369, 0.415458937198068, 0.410528857763825, 
0.416807534411978, 0.392753623188406, 0.393383240763101, 0.396426846933848, 
0.396522579087177, 0.392512077294686, 0.385803959439884, 0.415117121468244, 
0.166666666666667, 0.165418980922483, 0.160347742091282, 0.169082125603865, 
0.162279642598406, 0.173104780299372, 0.16904129437334, 0.169806763285024, 
0.171173346209561, 0.162762617725187, 0.417020398944321, 0.420630501149354, 
0.415424174728296, 0.419462925808169, 0.420132383851681, 0.427788828413261, 
0.423718107088902, 0.424844811016155, 0.418518973894972, 0.415796050241436, 
0.0917874396135266, 0.0866940352571842, 0.0866940352571842, 0.0910628019323672, 
0.0859695725670128, 0.0941574118783196, 0.091040811398213, 0.0915458937198068, 
0.0939159826170932, 0.0898333735812606, 0.100966183574879, 0.104081139821299, 
0.0871770103839652, 0.092512077294686, 0.0893503984544796, 0.0893288266537904, 
0.0845206471866699, 0.092512077294686, 0.0825688073394495, 0.0893503984544796, 
0.320772946859903, 0.321178459309346, 0.317556145858488, 0.315700483091787, 
0.322385897126298, 0.330033800096572, 0.330354986718184, 0.320531400966184, 
0.323273780782231, 0.319005071238831, 0.00629186212046956, 0.0062351727306715, 
0.00655124676920723, 0.00647383836262223, 0.00616898379455747, 
0.00604622338653326, 0.00665330019493371, 0.00613964153189106, 
0.00602955299331482, 0.00621966060996108, 0.0749913326906363, 
0.074137452208795, 0.07226201256726, 0.0741368749589149, 0.0748537804251563, 
0.074421912258297, 0.0760541079407067, 0.0777542842808432, 0.077069803045437, 
0.0706582745808701, 0.0693236714975846, 0.0661675923689929, 0.0685824680028978, 
0.0654589371980676, 0.0623037913547453, 0.0649444712699179, 0.0700313933832407, 
0.0688405797101449, 0.0659101883148238, 0.0671335426225549, 0.0364734299516908, 
0.0381550350156967, 0.0299444578604202, 0.0316425120772947, 0.0318763583675441, 
0.030902945436987, 0.0306689205505917, 0.0422705314009661, 0.0296957991308546, 
0.032842308621106, 72.6315789473684, 72.6491228070175, 72.6491228070175, 
72.6315789473684, 72.6491228070175, 72.6666666666667, 72.6491228070175, 
72.6315789473684, 72.6666666666667, 72.6491228070175, 2070, 2070.5, 
2070.5, 2070, 4141, 2071, 2070.5, 2070, 2071, 2070.5, 0.0350877192982456, 
0.0350877192982456, 0.0350877192982456, 0.0350877192982456, 0.0175438596491228, 
0.0350877192982456, 0.0350877192982456, 0.0350877192982456, 0.0350877192982456, 
0.0350877192982456, 0.967308424577824, 0.967399295769035, 0.967399295769035, 
0.967308424577824, 0.967399295769035, 0.967340231102888, 0.967399295769035, 
0.967308424577824, 0.967340231102888, 0.967399295769035, 1.09418991691224, 
1.0939179004603, 1.0939179004603, 1.09418991691224, 1.0939179004603, 
1.09409469963284, 1.0939179004603, 1.09418991691224, 1.09409469963284, 
1.0939179004603, 0.172991445808867, 0.172050439402371, 0.173979540053687, 
0.173060542290665, 0.172729287775013, 0.172807730773666, 0.173383170766706, 
0.173350934261467, 0.173031611083521, 0.173698037884382, 0.516729121522644, 
0.521365455556238, 0.52005864016493, 0.517429937453462, 0.518453564636444, 
0.518382253527859, 0.520439262302461, 0.519151795637825, 0.51854771816764, 
0.518984197172377, 0.268829116305018, 0.26582121968891, 0.268513647665131, 
0.26762841123966, 0.265790143821281, 0.26732031532139, 0.268610797397716, 
0.268006693876529, 0.267711499249034, 0.268303674590555, 0.928416485900217, 
0.906521739130435, 0.834782608695652, 0.876355748373102, 0.921739130434783, 
0.923747276688453, 0.923913043478261, 0.908893709327549, 0.915032679738562, 
0.917391304347826, 0.926247288503254, 0.932608695652174, 0.921739130434783, 
0.928416485900217, 0.915217391304348, 0.945533769063181, 0.932608695652174, 
0.937093275488069, 0.93681917211329, 0.915217391304348, 0.915401301518438, 
0.91304347826087, 0.889130434782609, 0.904555314533623, 0.902173913043478, 
0.930283224400871, 0.928260869565217, 0.932754880694143, 0.928104575163399, 
0.895652173913044, 0.93058568329718, 0.934782608695652, 0.923913043478261, 
0.919739696312364, 0.930434782608696, 0.943355119825708, 0.95, 
0.939262472885033, 0.938997821350762, 0.915217391304348), .Dim = c(10L, 
26L), .Dimnames = list(NULL, c("overlapping.F1", "overlapping.F1v", 
"overlapping.F2", "overlapping.F3", "overlapping.F4", "neighborhood.N1", 
"neighborhood.N2", "neighborhood.N3", "neighborhood.N4", "neighborhood.T1", 
"neighborhood.LSCAvg", "linearity.L1", "linearity.L2", "linearity.L3", 
"dimensionality.T2", "dimensionality.T3", "dimensionality.T4", 
"balance.C1", "balance.C2", "network.Density", "network.ClsCoef", 
"network.Hubs", "ANN", "C4.5", "kNN", "SVM")))
