aux <-
structure(c(Inf, 5.3490095291253, 9.39184506252098e-33, 0.0962832285515857, 
0.401531477754922, 0.166968395977519, 0.420333715513655, 0.0902701357821968, 
0.0912367566458384, 0.322079297204782, 0.00628094824941619, 0.0746339834956917, 
0.066869663572297, 0.0334472298413152, 72.6473684210526, 2277.5, 
0.0333333333333333, 0.967360221478442, 1.09403486523039, 0.173108274010035, 
0.518954194614188, 0.267653551915522, 0.905679372611484, 0.929150129541584, 
0.913936016587569, 0.9326288619758), .Names = c("overlapping.F1", 
"overlapping.F1v", "overlapping.F2", "overlapping.F3", "overlapping.F4", 
"neighborhood.N1", "neighborhood.N2", "neighborhood.N3", "neighborhood.N4", 
"neighborhood.T1", "neighborhood.LSCAvg", "linearity.L1", "linearity.L2", 
"linearity.L3", "dimensionality.T2", "dimensionality.T3", "dimensionality.T4", 
"balance.C1", "balance.C2", "network.Density", "network.ClsCoef", 
"network.Hubs", "ANN", "C4.5", "kNN", "SVM"))
