aux <-
structure(c(22.4520132451249, 20.8218920661308, 20.9093866504247, 
21.1146150311288, 22.041981893586, 22.0625473681428, 20.5134188677857, 
20.8475018931757, 43.3385753763581, 22.3510674708952, 6.86731013006422, 
5.89685296467934, 6.36152345982588, 6.29393728779123, 5.66730219973064, 
6.20069417381845, 6.15188205898505, 6.31774485814063, 6.55497477444234, 
6.59555711975212, 0.100369544663886, 0.100369544663886, 0.0696088065150976, 
0.094253769226714, 0.100369544663886, 0.106040974873917, 0.100369544663886, 
0.100369544663886, 0.0422608609111097, 0.102263309657544, 0.756302521008403, 
0.711297071129707, 0.717299578059072, 0.739495798319328, 0.725738396624473, 
0.760504201680672, 0.729957805907173, 0.734177215189873, 0.907172995780591, 
0.747899159663866, 0.932773109243697, 0.916317991631799, 0.924050632911392, 
0.915966386554622, 0.915611814345992, 0.920168067226891, 0.919831223628692, 
0.924050632911392, 0.987341772151899, 0.932773109243697, 0.0546218487394958, 
0.0627615062761506, 0.0590717299578059, 0.0588235294117647, 0.0632911392405063, 
0.0546218487394958, 0.0590717299578059, 0.0675105485232067, 0.0632911392405063, 
0.046218487394958, 0.122943169364981, 0.126355233121333, 0.128598391271943, 
0.123469709177308, 0.130170971211598, 0.128747112224917, 0.125494245963602, 
0.123656437894113, 0.122435144343864, 0.122309722812683, 0.0420168067226891, 
0.0376569037656904, 0.0337552742616034, 0.0378151260504202, 0.0379746835443038, 
0.0294117647058824, 0.0337552742616034, 0.0506329113924051, 0.0337552742616034, 
0.0210084033613445, 0.0126050420168067, 0.00418410041841004, 
0.00843881856540084, 0, 0.0126582278481013, 0.00420168067226891, 
0.0126582278481013, 0.00421940928270042, 0.00843881856540084, 
0.00840336134453781, 0.046218487394958, 0.0753138075313808, 0.080168776371308, 
0.0840336134453782, 0.080168776371308, 0.0756302521008403, 0.080168776371308, 
0.0717299578059072, 0.080168776371308, 0.0672268907563025, 0.322081773886025, 
0.29742126363334, 0.318307251330805, 0.307517124496858, 0.311630970820203, 
0.322170044488384, 0.301572041517563, 0.314586337659563, 0.312930620092934, 
0.313837299625733, 0.00510873682787523, 0.00876534285054542, 
0.0112232434610001, 0.00778664539598909, 0.00712752820930138, 
0.00252293303168592, 0.00567861123770459, 0.00425389483392804, 
0.0042868264110988, 0.00733552941088318, 0.0126050420168067, 
0.0125523012552301, 0.0210970464135021, 0.0210084033613446, 0.0126582278481012, 
0.0126050420168067, 0.0126582278481012, 0.0168776371308017, 0.0126582278481012, 
0.0126050420168067, 0.00420168067226889, 0.00418410041841, 0.00843881856540085, 
0.00840336134453779, 0.00421940928270037, 0.00420168067226889, 
0.00421940928270037, 0.00843881856540085, 0.00421940928270037, 
0.0126050420168067, 47.6, 47.8, 47.4, 47.6, 47.4, 47.6, 47.4, 
47.4, 47.4, 47.6, 79.3333333333333, 79.6666666666667, 79, 79.3333333333333, 
79, 79.3333333333333, 79, 79, 79, 79.3333333333333, 0.6, 0.6, 
0.6, 0.6, 0.6, 0.6, 0.6, 0.6, 0.6, 0.6, 0.371232326640876, 0.385447914041552, 
0.372346602161209, 0.371232326640876, 0.372346602161209, 0.371232326640876, 
0.372346602161209, 0.372346602161209, 0.372346602161209, 0.371232326640876, 
6.53846153846154, 6.17961287078934, 6.50922459893048, 6.53846153846154, 
6.50922459893048, 6.53846153846154, 6.50922459893048, 6.50922459893048, 
6.50922459893048, 6.53846153846154, 0.172605751161224, 0.170739425477304, 
0.172960022884932, 0.172251178952594, 0.17313881141386, 0.170903804559799, 
0.173746692412215, 0.173389115354359, 0.173532146177501, 0.17267666560295, 
0.679138019692612, 0.673147412646307, 0.673197075679014, 0.672218891838657, 
0.66904094678398, 0.670773267240461, 0.670420857033433, 0.675757648126478, 
0.672310699980927, 0.675339818763326, 0.208878908114497, 0.423960384814419, 
0.213792687331695, 0.217890163419799, 0.41043887785019, 0.399564424377836, 
0.215858400925563, 0.206982716318544, 0.412361090286387, 0.210520564959846, 
0.961538461538462, 1, 1, 1, 1, 0.961538461538462, 1, 1, 0.925925925925926, 
1, 0.961538461538462, 1, 1, 1, 1, 1, 1, 0.962962962962963, 0.962962962962963, 
0.961538461538462, 0.884615384615385, 1, 0.925925925925926, 0.961538461538462, 
1, 0.961538461538462, 0.962962962962963, 0.962962962962963, 0.962962962962963, 
0.923076923076923, 0.923076923076923, 0.96, 0.962962962962963, 
1, 1, 0.961538461538462, 0.962962962962963, 0.925925925925926, 
0.925925925925926, 0.884615384615385), .Dim = c(10L, 26L), .Dimnames = list(
    NULL, c("overlapping.F1", "overlapping.F1v", "overlapping.F2", 
    "overlapping.F3", "overlapping.F4", "neighborhood.N1", "neighborhood.N2", 
    "neighborhood.N3", "neighborhood.N4", "neighborhood.T1", 
    "neighborhood.LSCAvg", "linearity.L1", "linearity.L2", "linearity.L3", 
    "dimensionality.T2", "dimensionality.T3", "dimensionality.T4", 
    "balance.C1", "balance.C2", "network.Density", "network.ClsCoef", 
    "network.Hubs", "ANN", "C4.5", "kNN", "SVM")))
