aux <-
structure(c(23.6452999862753, 6.29077790272299, 0.0916275444503812, 
0.752984474336316, 0.928888473985007, 0.0589283507481696, 0.125418013738634, 
0.0357782422327546, 0.00758076865617282, 0.0740828114519999, 
0.312205472755141, 0.00640892916700117, 0.0147325197755602, 0.00631317301031951, 
47.52, 79.2, 0.6, 0.37321102314111, 6.48795820192879, 0.172594361399674, 
0.673134463778519, 0.292024821839878, 0.984900284900285, 0.984900284900285, 
0.954558404558405, 0.950700854700855), .Names = c("overlapping.F1", 
"overlapping.F1v", "overlapping.F2", "overlapping.F3", "overlapping.F4", 
"neighborhood.N1", "neighborhood.N2", "neighborhood.N3", "neighborhood.N4", 
"neighborhood.T1", "neighborhood.LSCAvg", "linearity.L1", "linearity.L2", 
"linearity.L3", "dimensionality.T2", "dimensionality.T3", "dimensionality.T4", 
"balance.C1", "balance.C2", "network.Density", "network.ClsCoef", 
"network.Hubs", "ANN", "C4.5", "kNN", "SVM"))
