aux <-
structure(c(2.61044649333537, 1.25336954226526, 4.05897606682879e-05, 
0.0374396102530514, 0.150215686321355, 0.51611011919478, 0.878572164547435, 
0.309609832607678, 0.408330196409509, 0.805079976474116, 0.000447659036573227, 
0.19332270181587, 0.237647006632053, 0.206160024515496, 277.678125, 
747.206818181818, 0.371875, 0.944656166302339, 1.05302897598544, 
0.0807003947316957, 0.604314123779735, 0.165213431219906, 0.501876934828514, 
0.544518632050858, 0.641958756615065, 0.539959463665821), .Names = c("overlapping.F1", 
"overlapping.F1v", "overlapping.F2", "overlapping.F3", "overlapping.F4", 
"neighborhood.N1", "neighborhood.N2", "neighborhood.N3", "neighborhood.N4", 
"neighborhood.T1", "neighborhood.LSCAvg", "linearity.L1", "linearity.L2", 
"linearity.L3", "dimensionality.T2", "dimensionality.T3", "dimensionality.T4", 
"balance.C1", "balance.C2", "network.Density", "network.ClsCoef", 
"network.Hubs", "ANN", "C4.5", "kNN", "SVM"))
