aux <-
structure(c(2.63973690797757, 2.61561408813344, 2.8438060252246, 
2.54083093221962, 2.49177708454484, 2.69687663043879, 2.56428398180561, 
2.49225085815511, 2.60965425055802, 2.60963417429609, 1.25135789635162, 
1.25411944203929, 1.28145278542484, 1.23972596655574, 1.24788578878502, 
1.26324911341451, 1.25179075621652, 1.24829103697983, 1.23181255758899, 
1.26401007929626, 8.44837662295146e-05, 2.82285685804339e-05, 
4.63677176274062e-05, 3.93609693571832e-05, 3.10539316183256e-05, 
3.42980824246123e-05, 3.29938163484049e-05, 3.40125171774148e-05, 
3.96268772931878e-05, 3.54713600263954e-05, 0.0372659812891954, 
0.0342277212347156, 0.0375159114454013, 0.0489404700125266, 0.0378664525299741, 
0.0379942611180925, 0.034875876380499, 0.0356511648282842, 0.0349378570764914, 
0.0351204066153337, 0.145966681121303, 0.146787945171843, 0.155213372807132, 
0.157012732600189, 0.154605596265772, 0.154152668019872, 0.146109630697261, 
0.14840196021204, 0.14646885842984, 0.147437417888297, 0.510803511141121, 
0.513896703049398, 0.517893315327481, 0.510861001688239, 0.528021607022282, 
0.521328081035453, 0.516092730137295, 0.515304974116588, 0.508159819921216, 
0.518739448508723, 0.878327000635247, 0.878666400482354, 0.877306822519906, 
0.876129257195725, 0.887410246121404, 0.88213453233419, 0.876404330085853, 
0.878065586946978, 0.875097058509585, 0.876180410643104, 0.308125140670718, 
0.305614943175425, 0.306099482331758, 0.307709622960045, 0.319378798109386, 
0.311873944850872, 0.310263335584065, 0.311276164753545, 0.304445694991559, 
0.311311198649409, 0.399504839072699, 0.416225948013953, 0.408732838172406, 
0.412605514912774, 0.408057618726086, 0.410241980866629, 0.399617375647085, 
0.41368444744542, 0.403263927968486, 0.411367473269555, 0.805199189736664, 
0.806908968155733, 0.803398604546478, 0.803489026449071, 0.813751969390052, 
0.806752954417558, 0.803736214269638, 0.804186360567184, 0.804952166572876, 
0.798424310635903, 0.000447385440781421, 0.000445208255904824, 
0.000450551560925093, 0.000453883154634232, 0.000439951390684079, 
0.000444876681944524, 0.000449513073517968, 0.000446296295451998, 
0.000449766271899837, 0.000449158239988295, 0.191849981140554, 
0.195797887066584, 0.191755843381646, 0.195379590882856, 0.192822733298939, 
0.193422301732317, 0.193704859451747, 0.193499469517912, 0.192044870682047, 
0.192949481004098, 0.237515417244317, 0.23901710164607, 0.236834862788244, 
0.237634691859047, 0.237230145713418, 0.237259866622367, 0.237192251403767, 
0.238718590364612, 0.236692706684092, 0.238374431994592, 0.205083078963686, 
0.207724007332275, 0.204568078055839, 0.208658205030961, 0.205845019483356, 
0.202407076951227, 0.208405193495366, 0.205358590190103, 0.208033635065786, 
0.205517360586357, 277.6875, 277.71875, 277.6875, 277.65625, 
277.6875, 277.65625, 277.6875, 277.6875, 277.65625, 277.65625, 
740.5, 740.583333333333, 740.5, 740.416666666667, 807.818181818182, 
740.416666666667, 740.5, 740.5, 740.416666666667, 740.416666666667, 
0.375, 0.375, 0.375, 0.375, 0.34375, 0.375, 0.375, 0.375, 0.375, 
0.375, 0.944682640869894, 0.944678696119065, 0.944695384519023, 
0.944628721354269, 0.944682640869894, 0.944628721354269, 0.944676676859425, 
0.944630738369013, 0.944628721354269, 0.944628721354269, 1.0530105505947, 
1.05300074670657, 1.05298545436985, 1.05305634341135, 1.0530105505947, 
1.05305634341135, 1.05301281652567, 1.0530442674175, 1.05305634341135, 
1.05305634341135, 0.080542622610086, 0.0804715144439497, 0.0808425259312259, 
0.0807775931236012, 0.081033097152185, 0.080758589987577, 0.0807794243877713, 
0.0805120977767409, 0.0807264620189388, 0.0805600198848815, 0.6050426663631, 
0.604110277297767, 0.604518780771317, 0.606170690102821, 0.600028215312343, 
0.603485419042602, 0.604808193144353, 0.604910460069229, 0.606085821815337, 
0.60398071387848, 0.165572186746494, 0.164227707227199, 0.165608289703876, 
0.16549825586722, 0.163819144212486, 0.165225769153338, 0.165501987938287, 
0.16534553330663, 0.165889952896664, 0.165445485146868, 0.498480243161094, 
0.521298174442191, 0.481256332320162, 0.483805668016194, 0.515704154002026, 
0.502024291497976, 0.502532928064843, 0.50354609929078, 0.506072874493927, 
0.504048582995951, 0.560283687943262, 0.55578093306288, 0.540020263424519, 
0.551619433198381, 0.539007092198582, 0.534412955465587, 0.550151975683891, 
0.54305977710233, 0.529352226720648, 0.541497975708502, 0.641337386018237, 
0.66632860040568, 0.638297872340426, 0.633603238866397, 0.649442755825735, 
0.637651821862348, 0.646403242147923, 0.644376899696049, 0.626518218623482, 
0.635627530364372, 0.53596757852077, 0.553752535496957, 0.533941236068896, 
0.552631578947368, 0.542046605876393, 0.544534412955466, 0.52887537993921, 
0.551165146909828, 0.537449392712551, 0.519230769230769), .Dim = c(10L, 
26L), .Dimnames = list(NULL, c("overlapping.F1", "overlapping.F1v", 
"overlapping.F2", "overlapping.F3", "overlapping.F4", "neighborhood.N1", 
"neighborhood.N2", "neighborhood.N3", "neighborhood.N4", "neighborhood.T1", 
"neighborhood.LSCAvg", "linearity.L1", "linearity.L2", "linearity.L3", 
"dimensionality.T2", "dimensionality.T3", "dimensionality.T4", 
"balance.C1", "balance.C2", "network.Density", "network.ClsCoef", 
"network.Hubs", "ANN", "C4.5", "kNN", "SVM")))
