aux <-
structure(c(Inf, 117.827081163318, 2.02332242269876e-13, 0.699377340532341, 
1, 0.0173069264476806, 0.768508011653025, 0.00515279604399863, 
0, 0.966837866004324, 0.0783342069883327, 0, 0, 0, 10.8128571428571, 
23.4379734848485, 0.461428571428571, 0.893704780562505, 1.10778011018546, 
0.164474542755571, 0.654846219484765, 0.207388790340535, 0.996399885255307, 
0.941831346702654, 0.994018932874354, 0.994018932874354), .Names = c("overlapping.F1", 
"overlapping.F1v", "overlapping.F2", "overlapping.F3", "overlapping.F4", 
"neighborhood.N1", "neighborhood.N2", "neighborhood.N3", "neighborhood.N4", 
"neighborhood.T1", "neighborhood.LSCAvg", "linearity.L1", "linearity.L2", 
"linearity.L3", "dimensionality.T2", "dimensionality.T3", "dimensionality.T4", 
"balance.C1", "balance.C2", "network.Density", "network.ClsCoef", 
"network.Hubs", "ANN", "C4.5", "kNN", "SVM"))
