aux <-
structure(c(119.174939225146, 126.828928084813, 118.799659683902, 
126.547002641354, 123.175421496641, 141.925917187909, Inf, 122.038239682283, 
122.934550238931, 116.53131600366, 118.150524551776, 117.71492518705, 
121.805650648977, 120.291017789, 117.225141326315, 114.157182091291, 
118.23872196949, 115.412571690736, 116.058587742438, 119.216488636107, 
3.1506707358402e-13, 2.79792658096286e-13, 3.55806266737655e-13, 
1.89703397489015e-13, 2.23599177540677e-13, 1.44329341442626e-13, 
1.88441452930103e-13, 1.99682303502913e-13, 9.42671404087172e-14, 
3.26336109667444e-14, 0.685457190118598, 0.68768171003338, 0.684772637672981, 
0.725627316483938, 0.691299028201683, 0.686004344298914, 0.755836509380056, 
0.688937118556851, 0.688693990254395, 0.699463560322615, 1, 1, 
1, 1, 1, 1, 1, 1, 1, 1, 0.0184940554821664, 0.0184940554821664, 
0.0145118733509235, 0.0158730158730159, 0.0185185185185185, 0.0210803689064559, 
0.0145310435931308, 0.0198412698412698, 0.0158520475561427, 0.0158730158730159, 
0.770293790802829, 0.769641616037303, 0.760191525922252, 0.76524686589863, 
0.771402456333847, 0.770144183705406, 0.769197569081267, 0.770924717649733, 
0.770326919414901, 0.767710471684081, 0.00660501981505945, 0.00660501981505945, 
0.00395778364116095, 0.00396825396825397, 0.00661375661375661, 
0.00527009222661397, 0.00396301188903567, 0.00661375661375661, 
0.00396301188903567, 0.00396825396825397, 0, 0, 0, 0, 0, 0, 0, 
0, 0, 0, 0.973579920739762, 0.95772787318362, 0.963060686015831, 
0.968253968253968, 0.96031746031746, 0.972332015810277, 0.968295904887715, 
0.972222222222222, 0.963011889035667, 0.96957671957672, 0.0775134412589499, 
0.0774314238398462, 0.0866953028731351, 0.08027840765936, 0.0766653369166597, 
0.0770134755355584, 0.0761697516268242, 0.0756435290165449, 0.0763983533694326, 
0.079533047787016, 0, 0, 0, 0, 0, 0, 0, 0, 0, 0, 0, 0, 0, 0, 
0, 0, 0, 0, 0, 0, 0, 0, 0, 0, 0, 0, 0, 0, 0, 0, 10.8142857142857, 
10.8142857142857, 10.8285714285714, 10.8, 10.8, 10.8428571428571, 
10.8142857142857, 10.8, 10.8142857142857, 10.8, 22.9393939393939, 
23.65625, 23.6875, 23.625, 22.9090909090909, 23, 23.65625, 23.625, 
23.65625, 23.625, 0.471428571428571, 0.457142857142857, 0.457142857142857, 
0.457142857142857, 0.471428571428571, 0.471428571428571, 0.457142857142857, 
0.457142857142857, 0.457142857142857, 0.457142857142857, 0.894082391975574, 
0.893057239481253, 0.892807662500221, 0.894335245688969, 0.894335245688969, 
0.894225355421539, 0.893057239481253, 0.893243025981355, 0.894661373424561, 
0.893243025981355, 1.10787498903995, 1.10811595930569, 1.10847602094655, 
1.10750828113487, 1.10750828113487, 1.10742181429411, 1.10811595930569, 
1.10794471121361, 1.10689037426565, 1.10794471121361, 0.164360151810614, 
0.163867396364094, 0.165034872413324, 0.165026805424156, 0.164529240688181, 
0.163904735087481, 0.164416067322276, 0.16442061740075, 0.163675186792756, 
0.165510354252076, 0.654566506451685, 0.655543837247282, 0.651615064159676, 
0.657934216300409, 0.655780773938024, 0.651802990228277, 0.655206814555535, 
0.65536468589686, 0.655670614843387, 0.654976691226516, 0.207376119758437, 
0.204492414303098, 0.210607676358266, 0.205061074134916, 0.209103555006554, 
0.205688016271754, 0.20775380100661, 0.208332914347488, 0.206417221779241, 
0.209055110438988, 0.988095238095238, 1, 0.975903614457831, 1, 
1, 1, 1, 1, 1, 1, 0.880952380952381, 0.964285714285714, 0.91566265060241, 
0.929411764705882, 0.929411764705882, 0.98780487804878, 0.94047619047619, 
0.964705882352941, 0.976190476190476, 0.929411764705882, 0.988095238095238, 
0.976190476190476, 0.975903614457831, 1, 1, 1, 1, 1, 1, 1, 0.976190476190476, 
0.988095238095238, 0.975903614457831, 1, 1, 1, 1, 1, 1, 1), .Dim = c(10L, 
26L), .Dimnames = list(NULL, c("overlapping.F1", "overlapping.F1v", 
"overlapping.F2", "overlapping.F3", "overlapping.F4", "neighborhood.N1", 
"neighborhood.N2", "neighborhood.N3", "neighborhood.N4", "neighborhood.T1", 
"neighborhood.LSCAvg", "linearity.L1", "linearity.L2", "linearity.L3", 
"dimensionality.T2", "dimensionality.T3", "dimensionality.T4", 
"balance.C1", "balance.C2", "network.Density", "network.ClsCoef", 
"network.Hubs", "ANN", "C4.5", "kNN", "SVM")))
