aux <-
structure(c(Inf, Inf, Inf, Inf, Inf, Inf, Inf, Inf, Inf, Inf, 
3.12058349483325, 2.947195836179, 3.10659615575743, 2.7589942481379, 
2.81456860055312, 2.68668752649811, 2.81910968670638, 3.05380264707357, 
3.03951602779491, 3.349371476676, 0, 0, 0, 0, 0, 0, 0, 0, 0, 
0, 0.722222222222222, 0.714285714285714, 1, 0.719101123595506, 
0.714285714285714, 0.722222222222222, 0.722222222222222, 0.719101123595506, 
0.714285714285714, 0.719101123595506, 1, 0.989010989010989, 1, 
0.98876404494382, 0.989010989010989, 0.988888888888889, 0.988888888888889, 
0.98876404494382, 0.989010989010989, 0.98876404494382, 0.4, 0.428571428571429, 
0.377777777777778, 0.426966292134831, 0.406593406593407, 0.422222222222222, 
0.411111111111111, 0.415730337078652, 0.373626373626374, 0.415730337078652, 
0.716196074178757, 0.745091097390759, 0.70817166258992, 0.732318821647372, 
0.662243377307703, 0.727044383818708, 0.729608683611553, 0.716679588112621, 
0.693711625501816, 0.753793826012383, 0.255555555555556, 0.263736263736264, 
0.233333333333333, 0.292134831460674, 0.252747252747253, 0.277777777777778, 
0.255555555555556, 0.269662921348315, 0.21978021978022, 0.269662921348315, 
0.133333333333333, 0.197802197802198, 0.0777777777777778, 0.123595505617978, 
0.175824175824176, 0.144444444444444, 0.222222222222222, 0.101123595505618, 
0.0879120879120879, 0.123595505617978, 0.411111111111111, 0.43956043956044, 
0.411111111111111, 0.438202247191011, 0.428571428571429, 0.455555555555556, 
0.455555555555556, 0.415730337078652, 0.417582417582418, 0.426966292134831, 
0.0632098765432099, 0.0641226904963169, 0.0683950617283951, 0.0643858098724908, 
0.103610675039246, 0.057283950617284, 0.0611111111111111, 0.0611033960358541, 
0.0623113150585678, 0.061355889407903, 0, 0.0489242237706559, 
0.0346639495918715, 0.0277003764347311, 0.0463800068705594, 0, 
0.0428470791823884, 0.0453271502386356, 0.039626558046059, 0.0484367272508867, 
0, 0.0879120879120879, 0.0666666666666667, 0.0898876404494382, 
0.0879120879120879, 0, 0.0888888888888889, 0.112359550561798, 
0.0879120879120879, 0.0674157303370787, 0, 0.0439560439560439, 
0.0555555555555556, 0.0674157303370787, 0.0439560439560439, 0, 
0.0777777777777777, 0.157303370786517, 0.0879120879120879, 0.0337078651685393, 
8.18181818181818, 8.27272727272727, 8.18181818181818, 8.09090909090909, 
8.27272727272727, 8.18181818181818, 8.18181818181818, 8.09090909090909, 
8.27272727272727, 8.09090909090909, 90, 91, 90, 89, 91, 90, 90, 
89, 91, 89, 0.0909090909090909, 0.0909090909090909, 0.0909090909090909, 
0.0909090909090909, 0.0909090909090909, 0.0909090909090909, 0.0909090909090909, 
0.0909090909090909, 0.0909090909090909, 0.0909090909090909, 0.836640741941167, 
0.8481636883083, 0.836640741941167, 0.840980533616316, 0.8481636883083, 
0.836640741941167, 0.836640741941167, 0.840980533616316, 0.8481636883083, 
0.840980533616316, 1.55681818181818, 1.50939393939394, 1.55681818181818, 
1.53878205128205, 1.50939393939394, 1.55681818181818, 1.55681818181818, 
1.53878205128205, 1.50939393939394, 1.53878205128205, 0.143071161048689, 
0.137484737484737, 0.142571785268414, 0.139938712972421, 0.140659340659341, 
0.137078651685393, 0.141323345817728, 0.144279877425945, 0.141880341880342, 
0.142747701736466, 0.636672325976231, 0.624326404926867, 0.627017841971113, 
0.648261215821609, 0.639566065333983, 0.630858063649792, 0.619065145380935, 
0.644164902229418, 0.636958894143325, 0.631418790414606, 0.279288953068016, 
0.246539126635866, 0.283010093848467, 0.261182459184571, 0.252322671562958, 
0.267480400024714, 0.279627694728903, 0.256025149260988, 0.270356191694378, 
0.268739365641599, 0.8, 0.777777777777778, 0.8, 1, 0.888888888888889, 
0.9, 0.7, 0.818181818181818, 0.777777777777778, 0.636363636363636, 
1, 1, 0.9, 1, 1, 1, 1, 1, 1, 1, 0.8, 0.666666666666667, 0.7, 
0.818181818181818, 0.888888888888889, 0.8, 0.6, 0.818181818181818, 
0.777777777777778, 0.636363636363636, 0.6, 0.888888888888889, 
0.7, 0.818181818181818, 0.777777777777778, 0.7, 0.7, 0.727272727272727, 
0.888888888888889, 0.727272727272727), .Dim = c(10L, 26L), .Dimnames = list(
    NULL, c("overlapping.F1", "overlapping.F1v", "overlapping.F2", 
    "overlapping.F3", "overlapping.F4", "neighborhood.N1", "neighborhood.N2", 
    "neighborhood.N3", "neighborhood.N4", "neighborhood.T1", 
    "neighborhood.LSCAvg", "linearity.L1", "linearity.L2", "linearity.L3", 
    "dimensionality.T2", "dimensionality.T3", "dimensionality.T4", 
    "balance.C1", "balance.C2", "network.Density", "network.ClsCoef", 
    "network.Hubs", "ANN", "C4.5", "kNN", "SVM")))
