aux <-
structure(c(Inf, 7.16854253398972, 0, 0.0721939019129381, 0.354221043307022, 
0.315426453521056, 0.741626479192531, 0.204921665177733, 0.0345575280980278, 
0.519113503753852, 0.101964727235116, 0.0556753225197702, 0.0493802932986715, 
0.0876914619912753, 3.17647058823529, 54, 0.0588235294117647, 
0.581257049667856, 3.18202574247773, 0.195926986173385, 0.477213563384114, 
0.345325886076662, 0.829807361541108, 0.811575507395941, 0.791142070863433, 
0.862005503955969), .Names = c("overlapping.F1", "overlapping.F1v", 
"overlapping.F2", "overlapping.F3", "overlapping.F4", "neighborhood.N1", 
"neighborhood.N2", "neighborhood.N3", "neighborhood.N4", "neighborhood.T1", 
"neighborhood.LSCAvg", "linearity.L1", "linearity.L2", "linearity.L3", 
"dimensionality.T2", "dimensionality.T3", "dimensionality.T4", 
"balance.C1", "balance.C2", "network.Density", "network.ClsCoef", 
"network.Hubs", "ANN", "C4.5", "kNN", "SVM"))
