aux <-
structure(c(Inf, Inf, Inf, Inf, Inf, Inf, Inf, Inf, Inf, Inf, 
8.42810564071833, 7.22644655157547, 6.34203636112637, 6.72075138205553, 
7.44808043369753, 6.3424795576109, 6.6970725957207, 7.19749852162274, 
8.08967536546314, 7.19327893030654, 0, 0, 0, 0, 0, 0, 0, 0, 0, 
0, 0.0683229813664596, 0.0797546012269939, 0.0736196319018405, 
0.062111801242236, 0.0736196319018405, 0.0683229813664596, 0.0740740740740741, 
0.0797546012269939, 0.0802469135802469, 0.062111801242236, 0.335403726708075, 
0.398773006134969, 0.368098159509202, 0.31055900621118, 0.355828220858896, 
0.354037267080745, 0.364197530864198, 0.343558282208589, 0.407407407407407, 
0.304347826086957, 0.316770186335404, 0.312883435582822, 0.319018404907975, 
0.298136645962733, 0.306748466257669, 0.291925465838509, 0.333333333333333, 
0.325153374233129, 0.302469135802469, 0.347826086956522, 0.741662813474679, 
0.733679107374143, 0.762346251491215, 0.726988712070009, 0.744167239700269, 
0.733483651036192, 0.74770149134247, 0.736305398703645, 0.735847216952084, 
0.754082909780607, 0.211180124223602, 0.196319018404908, 0.226993865030675, 
0.192546583850932, 0.202453987730061, 0.173913043478261, 0.209876543209877, 
0.208588957055215, 0.197530864197531, 0.229813664596273, 0.0434782608695652, 
0.0306748466257669, 0.0552147239263804, 0.031055900621118, 0.0306748466257669, 
0.0372670807453416, 0.0432098765432099, 0.0306748466257669, 0.0246913580246914, 
0.0186335403726708, 0.484472049689441, 0.54601226993865, 0.50920245398773, 
0.496894409937888, 0.521472392638037, 0.540372670807453, 0.524691358024691, 
0.515337423312883, 0.518518518518518, 0.53416149068323, 0.102465182670422, 
0.10448266777071, 0.0993262825096917, 0.115620539331044, 0.0977831307162483, 
0.102928127772848, 0.0940405426002134, 0.0994391960555535, 0.100556317634507, 
0.103005285289919, 0.0427552715661882, 0.0440494841479638, 0.070575640771628, 
0.0585135755483653, 0.0340928031994135, 0.0660466342980898, 0.0754601659803738, 
0.06174432007711, 0.051915844921523, 0.0515994846870464, 0.0372670807453416, 
0.0429447852760736, 0.0429447852760736, 0.0496894409937888, 0.0306748466257669, 
0.0496894409937888, 0.0740740740740741, 0.0674846625766872, 0.0555555555555556, 
0.0434782608695652, 0.0869565217391305, 0.116564417177914, 0.049079754601227, 
0.111801242236025, 0.0920245398773006, 0.0993788819875776, 0.0864197530864198, 
0.0858895705521472, 0.0432098765432098, 0.105590062111801, 3.15686274509804, 
3.19607843137255, 3.19607843137255, 3.15686274509804, 3.19607843137255, 
3.15686274509804, 3.17647058823529, 3.19607843137255, 3.17647058823529, 
3.15686274509804, 53.6666666666667, 54.3333333333333, 54.3333333333333, 
53.6666666666667, 54.3333333333333, 53.6666666666667, 54, 54.3333333333333, 
54, 53.6666666666667, 0.0588235294117647, 0.0588235294117647, 
0.0588235294117647, 0.0588235294117647, 0.0588235294117647, 0.0588235294117647, 
0.0588235294117647, 0.0588235294117647, 0.0588235294117647, 0.0588235294117647, 
0.57538703514202, 0.587123569190546, 0.587123569190546, 0.57538703514202, 
0.587123569190546, 0.57538703514202, 0.573139398055515, 0.587123569190546, 
0.58938868129278, 0.57538703514202, 3.23822759973839, 3.12562111801242, 
3.12562111801242, 3.23822759973839, 3.12562111801242, 3.23822759973839, 
3.26038961038961, 3.12562111801242, 3.10447294338442, 3.23822759973839, 
0.198835403726708, 0.195182912974324, 0.193516625009468, 0.199145962732919, 
0.192456259940923, 0.197826086956522, 0.194540295989571, 0.192759221389078, 
0.19446361475347, 0.20054347826087, 0.478156129956377, 0.478137249489317, 
0.477612500586552, 0.483652235978807, 0.475983779770404, 0.479187286924007, 
0.469948117346355, 0.4736179946626, 0.475049194734731, 0.480791144391991, 
0.353728880950928, 0.34472567673982, 0.3454904995004, 0.339797097949452, 
0.341347278930165, 0.346647439518818, 0.344937818372652, 0.341479044506773, 
0.342490746082254, 0.352614378215358, 0.736842105263158, 0.823529411764706, 
0.941176470588235, 0.789473684210526, 0.882352941176471, 0.789473684210526, 
0.888888888888889, 0.823529411764706, 0.833333333333333, 0.789473684210526, 
0.842105263157895, 0.823529411764706, 0.823529411764706, 0.842105263157895, 
0.764705882352941, 0.736842105263158, 0.833333333333333, 0.882352941176471, 
0.777777777777778, 0.789473684210526, 0.894736842105263, 0.764705882352941, 
0.882352941176471, 0.736842105263158, 0.882352941176471, 0.736842105263158, 
0.777777777777778, 0.823529411764706, 0.833333333333333, 0.578947368421053, 
0.842105263157895, 0.882352941176471, 0.882352941176471, 0.842105263157895, 
0.882352941176471, 0.842105263157895, 0.833333333333333, 0.882352941176471, 
0.888888888888889, 0.842105263157895), .Dim = c(10L, 26L), .Dimnames = list(
    NULL, c("overlapping.F1", "overlapping.F1v", "overlapping.F2", 
    "overlapping.F3", "overlapping.F4", "neighborhood.N1", "neighborhood.N2", 
    "neighborhood.N3", "neighborhood.N4", "neighborhood.T1", 
    "neighborhood.LSCAvg", "linearity.L1", "linearity.L2", "linearity.L3", 
    "dimensionality.T2", "dimensionality.T3", "dimensionality.T4", 
    "balance.C1", "balance.C2", "network.Density", "network.ClsCoef", 
    "network.Hubs", "ANN", "C4.5", "kNN", "SVM")))
