aux <-
structure(c(1.97075499814757, 4.34173499239305, 0.295631474732759, 
0.263111111111111, 0.385776776934963, 0.244428518752634, 0.251911708920773, 
0.135550656693356, 0.16132487006602, 0.23330545020368, 0.0710016387012088, 
0.0981376375140424, 0.144890030200871, 0.0871117432223627, 112.5, 
112.5, 1, 0.999991450667908, 1.00002370417193, 0.137737597769375, 
0.741776344376306, 0.183383156773761, 0.827884615384615, 0.856512820512821, 
0.872384615384615, 0.872064102564103), .Names = c("overlapping.F1", 
"overlapping.F1v", "overlapping.F2", "overlapping.F3", "overlapping.F4", 
"neighborhood.N1", "neighborhood.N2", "neighborhood.N3", "neighborhood.N4", 
"neighborhood.T1", "neighborhood.LSCAvg", "linearity.L1", "linearity.L2", 
"linearity.L3", "dimensionality.T2", "dimensionality.T3", "dimensionality.T4", 
"balance.C1", "balance.C2", "network.Density", "network.ClsCoef", 
"network.Hubs", "ANN", "C4.5", "kNN", "SVM"))
