aux <-
structure(c(1.93780192317319, 2.03198241447336, 1.91468362893997, 
1.83122848641262, 1.95664206737834, 1.96490153772864, 1.89206360992825, 
2.15415568818759, 2.04594549479771, 1.97814513045601, 4.35132001123505, 
4.41268928922215, 4.22753500395173, 4.03877144266108, 4.34287828055606, 
4.42931701978495, 4.19613994143054, 4.57204137862733, 4.52412876670865, 
4.32252878975297, 0.300334170210831, 0.300765951547758, 0.342706019118522, 
0.309993671588935, 0.300334170210831, 0.320865456731498, 0.300334170210831, 
0.289416553615988, 0.196620985758177, 0.294943598334216, 0.248888888888889, 
0.231111111111111, 0.25, 0.244444444444444, 0.252212389380531, 
0.24, 0.247787610619469, 0.25, 0.426666666666667, 0.24, 0.377777777777778, 
0.355555555555556, 0.370535714285714, 0.368888888888889, 0.376106194690265, 
0.364444444444444, 0.371681415929204, 0.375, 0.533333333333333, 
0.364444444444444, 0.275555555555556, 0.213333333333333, 0.241071428571429, 
0.266666666666667, 0.225663716814159, 0.271111111111111, 0.261061946902655, 
0.209821428571429, 0.248888888888889, 0.231111111111111, 0.249395650169758, 
0.241275589239044, 0.256712020748763, 0.25935959313607, 0.259481048327409, 
0.251634800061748, 0.257334826512562, 0.235594038844787, 0.249203101099699, 
0.259126421067885, 0.137777777777778, 0.115555555555556, 0.138392857142857, 
0.146666666666667, 0.128318584070796, 0.151111111111111, 0.13716814159292, 
0.116071428571429, 0.142222222222222, 0.142222222222222, 0.16, 
0.133333333333333, 0.196428571428571, 0.142222222222222, 0.146017699115044, 
0.12, 0.221238938053097, 0.151785714285714, 0.177777777777778, 
0.164444444444444, 0.257777777777778, 0.222222222222222, 0.21875, 
0.248888888888889, 0.216814159292035, 0.248888888888889, 0.256637168141593, 
0.191964285714286, 0.235555555555556, 0.235555555555556, 0.0705382716049383, 
0.0721975308641975, 0.0701132015306122, 0.0664691358024691, 0.0672918787688934, 
0.0694123456790123, 0.0709530895136659, 0.0811742665816327, 0.0692740740740741, 
0.0725925925925926, 0.0999181810422854, 0.0970187183378246, 0.102449114603086, 
0.103748984418246, 0.0961217456033903, 0.0939053950840443, 0.0981128744586254, 
0.0995845946312136, 0.0908366865490505, 0.0996800804126581, 0.142222222222222, 
0.146666666666667, 0.142857142857143, 0.155555555555556, 0.146017699115044, 
0.133333333333333, 0.141592920353982, 0.147321428571429, 0.142222222222222, 
0.151111111111111, 0.0711111111111111, 0.0888888888888889, 0.0803571428571429, 
0.102222222222222, 0.0619469026548672, 0.106666666666667, 0.0973451327433629, 
0.0803571428571429, 0.0888888888888889, 0.0933333333333334, 112.5, 
112.5, 112, 112.5, 113, 112.5, 113, 112, 112.5, 112.5, 112.5, 
112.5, 112, 112.5, 113, 112.5, 113, 112, 112.5, 112.5, 1, 1, 
1, 1, 1, 1, 1, 1, 1, 1, 0.99998575111318, 0.99998575111318, 1, 
0.99998575111318, 1, 0.99998575111318, 1, 1, 0.99998575111318, 
0.99998575111318, 1.00003950695322, 1.00003950695322, 1, 1.00003950695322, 
1, 1.00003950695322, 1, 1, 1.00003950695322, 1.00003950695322, 
0.136666666666667, 0.138373015873016, 0.138052530429212, 0.135436507936508, 
0.138171091445428, 0.137222222222222, 0.135968534906588, 0.141215566944266, 
0.138531746031746, 0.137738095238095, 0.7409915356711, 0.747704095019854, 
0.737831209681719, 0.734627239717194, 0.741687224210417, 0.74256102234144, 
0.740665175827015, 0.743510396153551, 0.741284114213598, 0.746901430927177, 
0.175216030151785, 0.201923904724454, 0.17318374577509, 0.174199372363662, 
0.174991560508418, 0.173537819054716, 0.173441107476271, 0.1978696518765, 
0.214591170007843, 0.174877205798872, 0.8, 0.8, 0.923076923076923, 
0.92, 0.791666666666667, 0.84, 0.833333333333333, 0.730769230769231, 
0.8, 0.84, 0.92, 0.84, 0.846153846153846, 0.96, 0.791666666666667, 
0.88, 0.875, 0.692307692307692, 0.88, 0.88, 0.88, 0.84, 0.884615384615385, 
0.92, 0.833333333333333, 0.96, 0.916666666666667, 0.769230769230769, 
0.92, 0.8, 0.88, 0.84, 0.884615384615385, 0.96, 0.833333333333333, 
0.88, 0.875, 0.807692307692308, 0.88, 0.88), .Dim = c(10L, 26L
), .Dimnames = list(NULL, c("overlapping.F1", "overlapping.F1v", 
"overlapping.F2", "overlapping.F3", "overlapping.F4", "neighborhood.N1", 
"neighborhood.N2", "neighborhood.N3", "neighborhood.N4", "neighborhood.T1", 
"neighborhood.LSCAvg", "linearity.L1", "linearity.L2", "linearity.L3", 
"dimensionality.T2", "dimensionality.T3", "dimensionality.T4", 
"balance.C1", "balance.C2", "network.Density", "network.ClsCoef", 
"network.Hubs", "ANN", "C4.5", "kNN", "SVM")))
