aux <-
structure(c(Inf, 0.655093619293652, 0.866666666666667, 0.00276601680785873, 
0.00276601680785873, 0.810958003997244, 4.35642179885169, 0.624431357051673, 
0.734834847705056, 0.979926196936566, 0.000301636907006272, 0.33608104717314, 
0.356949382862396, 0.35017663906099, 39.85, 51.2357142857143, 
0.777777777777778, 0.998176758709374, 1.00164709893661, 0.0314007943377137, 
0.555362654796656, 0.0907899111485703, 0.19547321132494, 0.197047385452757, 
0.178109813271129, 0.219633069572609), .Names = c("overlapping.F1", 
"overlapping.F1v", "overlapping.F2", "overlapping.F3", "overlapping.F4", 
"neighborhood.N1", "neighborhood.N2", "neighborhood.N3", "neighborhood.N4", 
"neighborhood.T1", "neighborhood.LSCAvg", "linearity.L1", "linearity.L2", 
"linearity.L3", "dimensionality.T2", "dimensionality.T3", "dimensionality.T4", 
"balance.C1", "balance.C2", "network.Density", "network.ClsCoef", 
"network.Hubs", "ANN", "C4.5", "kNN", "SVM"))
