aux <-
structure(c(Inf, 0.338576277209866, 0.338719640241987, 0.252592055624553, 
Inf, Inf, Inf, 0.31474489724364, 0.290298364042303, 0.308991705397752, 
0.655518996521394, 0.634445127537244, 0.678894022349868, 0.656310682025067, 
0.63509624648419, 0.687614226821147, 0.643323626427635, 0.675016068062902, 
0.650546627735549, 0.634170568971526, 0.666666666666667, 1, 1, 
1, 0.666666666666667, 0.666666666666667, 0.666666666666667, 1, 
1, 1, 0.00493961845948861, 0, 0, 0, 0.00552920422350942, 0.00544480822296517, 
0.0117465371726241, 0, 0, 0, 0.00493961845948861, 0, 0, 0, 0.00552920422350942, 
0.00544480822296517, 0.0117465371726241, 0, 0, 0, 0.814763231197772, 
0.805013927576602, 0.770194986072423, 0.827298050139276, 0.805594405594406, 
0.823119777158774, 0.808926080892608, 0.814245810055866, 0.824267782426778, 
0.816155988857939, 4.64220183486239, 4.63063063063063, 4.34188034188034, 
4.0078125, 4.38135593220339, 4.13008130081301, 3.984375, 4.32773109243698, 
4.64912280701754, 4.46902654867257, 0.62116991643454, 0.622562674094708, 
0.618384401114206, 0.622562674094708, 0.643356643356643, 0.618384401114206, 
0.623430962343096, 0.615921787709497, 0.631799163179916, 0.626740947075209, 
0.731197771587744, 0.739554317548747, 0.749303621169916, 0.749303621169916, 
0.738461538461539, 0.724233983286908, 0.715481171548117, 0.727653631284916, 
0.728033472803347, 0.745125348189415, 0.987465181058496, 0.981894150417827, 
0.97075208913649, 0.977715877437326, 0.983216783216783, 0.974930362116992, 
0.97907949790795, 0.979050279329609, 0.98326359832636, 0.981894150417827, 
0.000290966084993133, 0.000279327441593408, 0.000322002467392401, 
0.000320062693492447, 0.000291456794953298, 0.00033558088469208, 
0.000313175345125066, 0.000319902624762024, 0.000272326387065275, 
0.000271568345993591, 0.330278034838451, 0.312965053209267, 0.33232771443372, 
0.320634308343334, 0.347126887661529, 0.339174136773834, 0.346140856134161, 
0.346560595795923, 0.34503734414476, 0.340565540396417, 0.355629001700904, 
0.355320577224066, 0.35760751444523, 0.355037016428805, 0.359447906016647, 
0.351858144958827, 0.35818740889475, 0.357891544173845, 0.356880375122835, 
0.361634339658055, 0.360714127324217, 0.319147204797038, 0.347050604466079, 
0.356837702804752, 0.365716738290597, 0.339236296975677, 0.357238453896459, 
0.348533741500612, 0.34266412991804, 0.364627390636428, 39.8888888888889, 
39.8888888888889, 39.8888888888889, 39.8888888888889, 39.7222222222222, 
39.8888888888889, 39.8333333333333, 39.7777777777778, 39.8333333333333, 
39.8888888888889, 51.2857142857143, 51.2857142857143, 51.2857142857143, 
51.2857142857143, 51.0714285714286, 51.2857142857143, 51.2142857142857, 
51.1428571428571, 51.2142857142857, 51.2857142857143, 0.777777777777778, 
0.777777777777778, 0.777777777777778, 0.777777777777778, 0.777777777777778, 
0.777777777777778, 0.777777777777778, 0.777777777777778, 0.777777777777778, 
0.777777777777778, 0.998157224674538, 0.998077086716327, 0.998284931388996, 
0.998129583790021, 0.998029353933497, 0.998310736823124, 0.998201328832478, 
0.998218685426285, 0.998274565878944, 0.998084089629529, 1.00166976726925, 
1.00173576584686, 1.00154715018076, 1.00169132985361, 1.00178636409172, 
1.00152470982197, 1.00161929307198, 1.00160776777734, 1.00155842627738, 
1.00173041517523, 0.0311495981010322, 0.0318022711468009, 0.0317478817263202, 
0.0310835538047342, 0.0313686313686314, 0.0314293151206474, 0.0311937542366939, 
0.0316990272297535, 0.0312638788247119, 0.031270031817811, 0.556845898004435, 
0.554926826658105, 0.558208744648675, 0.551132172370325, 0.561119433908138, 
0.555744294311343, 0.553709753116825, 0.553818056262266, 0.553918793919898, 
0.554202574766549, 0.0941119196930292, 0.0910265033891935, 0.0898522049525542, 
0.0923093717621461, 0.0905246768061048, 0.0893979453287372, 0.0935392223741829, 
0.0892245550544195, 0.0915691976678914, 0.0863435144574443, 0.126582278481013, 
0.189873417721519, 0.164556962025316, 0.189873417721519, 0.25609756097561, 
0.189873417721519, 0.175, 0.185185185185185, 0.2625, 0.215189873417722, 
0.126582278481013, 0.240506329113924, 0.139240506329114, 0.189873417721519, 
0.170731707317073, 0.189873417721519, 0.1625, 0.185185185185185, 
0.2875, 0.278481012658228, 0.20253164556962, 0.20253164556962, 
0.139240506329114, 0.164556962025316, 0.207317073170732, 0.126582278481013, 
0.15, 0.148148148148148, 0.225, 0.215189873417722, 0.189873417721519, 
0.291139240506329, 0.215189873417722, 0.227848101265823, 0.231707317073171, 
0.253164556962025, 0.175, 0.209876543209877, 0.2, 0.20253164556962
), .Dim = c(10L, 26L), .Dimnames = list(NULL, c("overlapping.F1", 
"overlapping.F1v", "overlapping.F2", "overlapping.F3", "overlapping.F4", 
"neighborhood.N1", "neighborhood.N2", "neighborhood.N3", "neighborhood.N4", 
"neighborhood.T1", "neighborhood.LSCAvg", "linearity.L1", "linearity.L2", 
"linearity.L3", "dimensionality.T2", "dimensionality.T3", "dimensionality.T4", 
"balance.C1", "balance.C2", "network.Density", "network.ClsCoef", 
"network.Hubs", "ANN", "C4.5", "kNN", "SVM")))
