aux <-
structure(c(Inf, 20.4108139389092, 0, 0.132554406372224, 0.257025062563445, 
0.399791319373949, 0.80681094657528, 0.252560581341848, 0.000487598629221819, 
0.878474872664168, 0.00140145365953543, 0.00335964354696905, 
0.00325595421126318, 0.00859060114360132, 12.5921052631579, 20.133472865163, 
0.625438596491228, 0.933883268669352, 1.14121271538624, 0.08398708901072, 
0.332242289936297, 0.153818814433083, 0.954230619467282, 0.940759744484533, 
0.781466620088326, 0.951722763993218), .Names = c("overlapping.F1", 
"overlapping.F1v", "overlapping.F2", "overlapping.F3", "overlapping.F4", 
"neighborhood.N1", "neighborhood.N2", "neighborhood.N3", "neighborhood.N4", 
"neighborhood.T1", "neighborhood.LSCAvg", "linearity.L1", "linearity.L2", 
"linearity.L3", "dimensionality.T2", "dimensionality.T3", "dimensionality.T4", 
"balance.C1", "balance.C2", "network.Density", "network.ClsCoef", 
"network.Hubs", "ANN", "C4.5", "kNN", "SVM"))
