aux <-
structure(c(Inf, Inf, Inf, Inf, Inf, Inf, Inf, Inf, Inf, Inf, 
20.4505404969632, 20.713307212398, 20.7738977995172, 20.4073276187906, 
20.4042318435078, 20.4500626897258, 20.1286134240271, 20.1934709811781, 
20.5019531607095, 20.0847341622742, 0, 0, 0, 0, 0, 0, 0, 0, 0, 
0, 0.14659200405038, 0.125959585851894, 0.129088587509591, 0.13053126739947, 
0.134058114737379, 0.136829465828986, 0.124814511433841, 0.1272074151977, 
0.142950649902415, 0.12751246181058, 0.351419515438981, 0.159414679111073, 
0.164425011606399, 0.165322164587566, 0.355696558903774, 0.399269379977943, 
0.160352495700559, 0.185040837820443, 0.466219900246507, 0.163090082241204, 
0.395891364902507, 0.398954703832753, 0.396239554317549, 0.399303135888502, 
0.395543175487465, 0.398257839721254, 0.393939393939394, 0.410452961672474, 
0.39881574364333, 0.410515320334262, 0.807688614793752, 0.80598898746697, 
0.808733960144285, 0.804827102631288, 0.807697142223372, 0.810036134229778, 
0.807468480792694, 0.80868992173443, 0.804127521491348, 0.802851600244887, 
0.252437325905292, 0.25609756097561, 0.252785515320334, 0.250174216027875, 
0.247910863509749, 0.25609756097561, 0.24695228143504, 0.258536585365854, 
0.251132009752699, 0.253481894150418, 0.00104456824512535, 0.000696864111498258, 
0, 0, 0.00104456824512535, 0, 0.000348310693138279, 0.00104529616724739, 
0, 0.000696378830083565, 0.87883008356546, 0.877351916376307, 
0.876740947075209, 0.880487804878049, 0.875696378830084, 0.883275261324042, 
0.879136189481017, 0.8801393728223, 0.876698014629049, 0.876392757660167, 
0.0014130040502479, 0.00141072490864281, 0.00139263642429838, 
0.00142626473551943, 0.00140766967202303, 0.00137199674634875, 
0.00142417945898651, 0.00136981145819422, 0.00139882350814502, 
0.00139942563294822, 0.00334546707661306, 0.0030179539226246, 
0.00264553644910916, 0.0031290032726698, 0.00334963955769986, 
0.00350243129982323, 0.00364884764744982, 0.00354750160232726, 
0.00283449922721548, 0.00457555541415826, 0.00299152779192306, 
0.00290540929332395, 0.00286328027456347, 0.00292950584359686, 
0.00332115541219732, 0.00341231799020003, 0.00314565836204731, 
0.00345266085027333, 0.00314639511057417, 0.00439163118393227, 
0.00847619214977868, 0.00898982634667878, 0.00937790367319565, 
0.00901322117506653, 0.00850056997817779, 0.00835361779597921, 
0.00870488638048824, 0.0074604234979686, 0.00719296149267338, 
0.00983640894600631, 12.5964912280702, 12.5877192982456, 12.5964912280702, 
12.5877192982456, 12.5964912280702, 12.5877192982456, 12.5921052631579, 
12.5877192982456, 12.5921052631579, 12.5964912280702, 20.0839160839161, 
20.2112676056338, 20.0839160839161, 20.2112676056338, 20.2253521126761, 
20.0699300699301, 20.2183098591549, 20.0699300699301, 20.0769230769231, 
20.0839160839161, 0.62719298245614, 0.62280701754386, 0.62719298245614, 
0.62280701754386, 0.62280701754386, 0.62719298245614, 0.62280701754386, 
0.62719298245614, 0.62719298245614, 0.62719298245614, 0.933887552140611, 
0.933878731440291, 0.933888010803092, 0.933878731440291, 0.933887552140611, 
0.933878731440291, 0.933761448209968, 0.933878731440291, 0.934005186834982, 
0.933888010803092, 1.14120163523078, 1.14122393688939, 1.1412012661204, 
1.14122393688939, 1.14120163523078, 1.14122393688939, 1.14151295208024, 
1.14122393688939, 1.14091265152219, 1.1412012661204, 0.0841104833756837, 
0.0839822055542669, 0.0840602742437341, 0.0841709345241637, 0.0838591951597427, 
0.0839394561350882, 0.0840870558280146, 0.0838610012351182, 0.083813261777938, 
0.0839870222734501, 0.332416792677085, 0.33228066170835, 0.332010915999071, 
0.332319704755422, 0.331809143298386, 0.331889826403676, 0.333672973841717, 
0.332357303421126, 0.331801026345069, 0.331864550913069, 0.156215817350479, 
0.153344296999465, 0.150914277745934, 0.154035917231472, 0.154372894810553, 
0.154034927277451, 0.155034280080923, 0.1510412685409, 0.154622184572279, 
0.154572279721374, 0.946540880503145, 0.94375, 0.949685534591195, 
0.95, 0.959119496855346, 0.953125, 0.959247648902821, 0.965625, 
0.962382445141066, 0.952830188679245, 0.943396226415094, 0.928125, 
0.937106918238994, 0.93125, 0.933962264150943, 0.928125, 0.943573667711599, 
0.9625, 0.940438871473354, 0.959119496855346, 0.773584905660377, 
0.79375, 0.738993710691824, 0.78125, 0.761006289308176, 0.790625, 
0.815047021943574, 0.81875, 0.752351097178683, 0.789308176100629, 
0.949685534591195, 0.9375, 0.940251572327044, 0.953125, 0.946540880503145, 
0.95, 0.968652037617555, 0.9625, 0.946708463949843, 0.962264150943396
), .Dim = c(10L, 26L), .Dimnames = list(NULL, c("overlapping.F1", 
"overlapping.F1v", "overlapping.F2", "overlapping.F3", "overlapping.F4", 
"neighborhood.N1", "neighborhood.N2", "neighborhood.N3", "neighborhood.N4", 
"neighborhood.T1", "neighborhood.LSCAvg", "linearity.L1", "linearity.L2", 
"linearity.L3", "dimensionality.T2", "dimensionality.T3", "dimensionality.T4", 
"balance.C1", "balance.C2", "network.Density", "network.ClsCoef", 
"network.Hubs", "ANN", "C4.5", "kNN", "SVM")))
