aux <-
structure(c(16.684493174613, 15.1195891508867, 16.4715203945414, 
15.8719322549236, 20.6669297294369, 14.083598518414, 16.4981830889339, 
16.3097417717105, 13.1564884113541, 13.5456093541957, 1.01460726703133, 
1.06496093650597, 1.00807624627178, 0.998567961278163, 0.968117023492501, 
1.01275148621574, 1.01551235664563, 1.0616753828724, 0.988564734237346, 
1.07753576932841, 0.324720181248158, 0.324720181248158, 0.336833645657175, 
0.324720181248158, 0.278934732306325, 0.324720181248158, 0.324720181248158, 
0.324720181248158, 0.324720181248158, 0.333626448218941, 0.109259259259259, 
0.105555555555556, 0.119444444444444, 0.107407407407407, 0.123148148148148, 
0.108333333333333, 0.107407407407407, 0.110185185185185, 0.101851851851852, 
0.10462962962963, 0.109259259259259, 0.105555555555556, 0.119444444444444, 
0.107407407407407, 0.123148148148148, 0.108333333333333, 0.107407407407407, 
0.110185185185185, 0.101851851851852, 0.10462962962963, 0.991666666666667, 
0.994444444444444, 0.994444444444444, 0.994444444444444, 0.997222222222222, 
1, 0.997222222222222, 0.991666666666667, 0.994444444444444, 0.997222222222222, 
18.9427392313645, 20.5956068713039, 20.3451720310766, 20.2536652835408, 
20.4949579831933, 19.8802931596091, 19.7439418416801, 19.9847701930922, 
21.0814388489209, 19.1575, 0.894444444444444, 0.888888888888889, 
0.891666666666667, 0.886111111111111, 0.883333333333333, 0.897222222222222, 
0.894444444444444, 0.897222222222222, 0.883333333333333, 0.888888888888889, 
0.55, 0.566666666666667, 0.541666666666667, 0.538888888888889, 
0.541666666666667, 0.563888888888889, 0.527777777777778, 0.572222222222222, 
0.566666666666667, 0.555555555555556, 1, 1, 1, 1, 1, 1, 1, 1, 
1, 1, 0.00213734567901235, 0.00212191358024691, 0.00212962962962963, 
0.00210648148148148, 0.00209104938271605, 0.00216820987654321, 
0.00214506172839506, 0.00216820987654321, 0.00209876543209877, 
0.00212962962962963, 0.148035266282108, 0.144733319045087, 0.154926695629837, 
0.146359643577734, 0.142848170349203, 0.14497580756566, 0.143976358242509, 
0.16528877068364, 0.145381558699515, 0.154586060899769, 0.271296296296296, 
0.260185185185185, 0.288888888888889, 0.278703703703704, 0.281481481481481, 
0.275925925925926, 0.267592592592593, 0.266666666666667, 0.277777777777778, 
0.278703703703704, 0.247222222222222, 0.255555555555556, 0.263888888888889, 
0.236111111111111, 0.25462962962963, 0.271296296296296, 0.242592592592593, 
0.262962962962963, 0.249074074074074, 0.258333333333333, 30, 
30, 30, 30, 30, 30, 30, 30, 30, 30, 360, 360, 360, 360, 360, 
360, 360, 360, 360, 360, 0.0833333333333333, 0.0833333333333333, 
0.0833333333333333, 0.0833333333333333, 0.0833333333333333, 0.0833333333333333, 
0.0833333333333333, 0.0833333333333333, 0.0833333333333333, 0.0833333333333333, 
1, 1, 1, 1, 1, 1, 1, 1, 1, 1, 1, 1, 1, 1, 1, 1, 1, 1, 1, 1, 0.0463633549984525, 
0.0453419993809966, 0.0462705044877747, 0.0454193748065614, 0.0461776539770969, 
0.0447539461467038, 0.0464562055091303, 0.0457134014237078, 0.045636025998143, 
0.045636025998143, 0.411983326831071, 0.39967288191037, 0.412800395379008, 
0.39998274076631, 0.40243290694758, 0.396774193548387, 0.401087625692592, 
0.402266528532465, 0.403865957264224, 0.399940218203557, 0.106117791688133, 
0.107261180895985, 0.109430988798358, 0.103865584094467, 0.106677704796374, 
0.101276193123566, 0.125194103522205, 0.106299560122967, 0.103270975392364, 
0.106748169225294, 0.35, 0.3, 0.35, 0.325, 0.3, 0.225, 0.325, 
0.4, 0.4, 0.325, 0.45, 0.375, 0.35, 0.5, 0.375, 0.375, 0.3, 0.425, 
0.4, 0.275, 0.025, 0.05, 0.05, 0.025, 0.075, 0.05, 0.05, 0.05, 
0.05, 0.05, 0.25, 0.175, 0.225, 0.2, 0.325, 0.175, 0.275, 0.25, 
0.275, 0.225), .Dim = c(10L, 26L), .Dimnames = list(NULL, c("overlapping.F1", 
"overlapping.F1v", "overlapping.F2", "overlapping.F3", "overlapping.F4", 
"neighborhood.N1", "neighborhood.N2", "neighborhood.N3", "neighborhood.N4", 
"neighborhood.T1", "neighborhood.LSCAvg", "linearity.L1", "linearity.L2", 
"linearity.L3", "dimensionality.T2", "dimensionality.T3", "dimensionality.T4", 
"balance.C1", "balance.C2", "network.Density", "network.ClsCoef", 
"network.Hubs", "ANN", "C4.5", "kNN", "SVM")))
