aux <-
structure(c(15.840808584901, 1.02103691638793, 0.322243609491955, 
0.109722222222222, 0.109722222222222, 0.995277777777778, 20.0480085443781, 
0.890555555555555, 0.5525, 1, 0.00212962962962963, 0.149111165097506, 
0.274722222222222, 0.254166666666667, 30, 360, 0.0833333333333333, 
1, 1, 0.045776849272671, 0.403080677507556, 0.107614225165971, 
0.33, 0.3825, 0.0475, 0.2375), .Names = c("overlapping.F1", "overlapping.F1v", 
"overlapping.F2", "overlapping.F3", "overlapping.F4", "neighborhood.N1", 
"neighborhood.N2", "neighborhood.N3", "neighborhood.N4", "neighborhood.T1", 
"neighborhood.LSCAvg", "linearity.L1", "linearity.L2", "linearity.L3", 
"dimensionality.T2", "dimensionality.T3", "dimensionality.T4", 
"balance.C1", "balance.C2", "network.Density", "network.ClsCoef", 
"network.Hubs", "ANN", "C4.5", "kNN", "SVM"))
