aux <-
structure(c(0.573687942703578, 0.380046213616006, 0.702364547743954, 
0.407437881658063, 0.767598083326901, 0.591682547417335, 0.407361237378539, 
0.39310735066551, 0.407361237378539, 0.427113183712662, 1.17560447301239, 
0.951873636724725, 0.963600735880241, 0.935614057815368, 0.95117745640806, 
1.13738103331952, 0.918016383658661, 0.936510007288742, 0.942554400758514, 
0.872351659653988, 0.623587374829268, 0.564022457277174, 0.536867705612273, 
0.53763963161022, 0.503969608807884, 0.509148561082523, 0.564022457277174, 
0.564022457277174, 0.564022457277174, 0.564022457277174, 0.0698945656200175, 
0.0845890797038819, 0.10396070845509, 0.0844271345004125, 0.0809658912980847, 
0.0846288949610884, 0.0809658912980847, 0.0808437613518219, 0.0698945656200175, 
0.0735449735449736, 0.147563843093887, 0.158637852946597, 0.189278054446594, 
0.151107400985271, 0.169340104611233, 0.158595353514748, 0.147524027836681, 
0.147524027836681, 0.136574832104876, 0.136182336182336, 0.676470588235294, 
0.683823529411765, 0.733333333333333, 0.713235294117647, 0.720588235294118, 
0.691176470588235, 0.727941176470588, 0.720588235294118, 0.727941176470588, 
0.713235294117647, 0.736038223545077, 0.744851929539662, 0.842175024224294, 
0.82320128580883, 0.907310336168743, 0.689224675580454, 0.745537321212086, 
0.763604351208593, 0.813651757990728, 0.757843350166548, 0.345588235294118, 
0.330882352941176, 0.318518518518519, 0.330882352941176, 0.338235294117647, 
0.301470588235294, 0.316176470588235, 0.345588235294118, 0.294117647058824, 
0.323529411764706, 0.441176470588235, 0.485294117647059, 0.451851851851852, 
0.455882352941176, 0.433823529411765, 0.463235294117647, 0.485294117647059, 
0.404411764705882, 0.419117647058824, 0.477941176470588, 0.625, 
0.647058823529412, 0.62962962962963, 0.654411764705882, 0.669117647058823, 
0.595588235294118, 0.625, 0.625, 0.654411764705882, 0.639705882352941, 
0.016814446366782, 0.0160575259515571, 0.0155829903978052, 0.0153546712802768, 
0.0145977508650519, 0.0173010380622837, 0.0165441176470588, 0.0170847750865052, 
0.0155168685121107, 0.0155709342560554, 0.247375284772951, 0.279391726826351, 
0.26377806885159, 0.280506992461245, 0.263018566798902, 0.261003656846215, 
0.273249491100236, 0.275518409101364, 0.275716530380651, 0.282594470541134, 
0.260772040205357, 0.286622878830988, 0.281177831739629, 0.294031200846052, 
0.301397023429266, 0.267896287070689, 0.301604152239228, 0.282755430532665, 
0.301479338118322, 0.283068783068783, 0.271235400326754, 0.311770016337676, 
0.269900262035093, 0.301397023429266, 0.31987935529704, 0.24225257725502, 
0.220874468309739, 0.330743552165145, 0.242613598744522, 0.330769230769231, 
22.6666666666667, 22.6666666666667, 22.5, 22.6666666666667, 22.6666666666667, 
22.6666666666667, 22.6666666666667, 22.6666666666667, 22.6666666666667, 
22.6666666666667, 45.3333333333333, 45.3333333333333, 45, 45.3333333333333, 
45.3333333333333, 45.3333333333333, 45.3333333333333, 45.3333333333333, 
45.3333333333333, 45.3333333333333, 0.5, 0.5, 0.5, 0.5, 0.5, 
0.5, 0.5, 0.5, 0.5, 0.5, 0.999656652334404, 0.999656652334404, 
0.999850154048027, 0.999656652334404, 0.999656652334404, 0.999656652334404, 
0.999656652334404, 0.999656652334404, 0.999656652334404, 0.999950906537872, 
1.00057083447411, 1.00057083447411, 1.00024694406717, 1.00057083447411, 
1.00057083447411, 1.00057083447411, 1.00057083447411, 1.00057083447411, 
1.00057083447411, 1.0000814000814, 0.0790849673202614, 0.075599128540305, 
0.0766169154228856, 0.0749455337690632, 0.0781045751633987, 0.0765795206971678, 
0.0754901960784314, 0.0757080610021787, 0.0747276688453159, 0.0738562091503268, 
0.617622838320066, 0.641033434650456, 0.620181231761634, 0.648093385214008, 
0.628314798973482, 0.645991808074898, 0.63539119804401, 0.616507067943456, 
0.662469287469287, 0.631578947368421, 0.148851892855171, 0.160544839389512, 
0.131826093158878, 0.123104031621344, 0.128078740893926, 0.158215302111144, 
0.135952913109515, 0.133621758039211, 0.143196189885902, 0.170226523025869, 
0.4, 0.4, 0.375, 0.466666666666667, 0.666666666666667, 0.4, 0.333333333333333, 
0.466666666666667, 0.6, 0.6, 0.466666666666667, 0.4, 0.4375, 
0.466666666666667, 0.533333333333333, 0.333333333333333, 0.6, 
0.533333333333333, 0.666666666666667, 0.733333333333333, 0.666666666666667, 
0.6, 0.625, 0.666666666666667, 0.733333333333333, 0.533333333333333, 
0.466666666666667, 0.733333333333333, 0.733333333333333, 0.666666666666667, 
0.4, 0.6, 0.4375, 0.733333333333333, 0.533333333333333, 0.466666666666667, 
0.466666666666667, 0.533333333333333, 0.533333333333333, 0.666666666666667
), .Dim = c(10L, 26L), .Dimnames = list(NULL, c("overlapping.F1", 
"overlapping.F1v", "overlapping.F2", "overlapping.F3", "overlapping.F4", 
"neighborhood.N1", "neighborhood.N2", "neighborhood.N3", "neighborhood.N4", 
"neighborhood.T1", "neighborhood.LSCAvg", "linearity.L1", "linearity.L2", 
"linearity.L3", "dimensionality.T2", "dimensionality.T3", "dimensionality.T4", 
"balance.C1", "balance.C2", "network.Density", "network.ClsCoef", 
"network.Hubs", "ANN", "C4.5", "kNN", "SVM")))
