aux <-
structure(c(0.505776022560109, 0.978468384452021, 0.553132516832804, 
0.0813715466353473, 0.15423278335589, 0.710833333333333, 0.782343825544502, 
0.324498910675381, 0.451802832244009, 0.636492374727669, 0.0160425118425487, 
0.270215319768064, 0.286080496608098, 0.284143548466949, 22.65, 
45.3, 0.5, 0.999705427926113, 1.00048950199414, 0.0760712775989335, 
0.634718399781972, 0.143361828409047, 0.470833333333333, 0.517083333333333, 
0.6425, 0.537083333333333), .Names = c("overlapping.F1", "overlapping.F1v", 
"overlapping.F2", "overlapping.F3", "overlapping.F4", "neighborhood.N1", 
"neighborhood.N2", "neighborhood.N3", "neighborhood.N4", "neighborhood.T1", 
"neighborhood.LSCAvg", "linearity.L1", "linearity.L2", "linearity.L3", 
"dimensionality.T2", "dimensionality.T3", "dimensionality.T4", 
"balance.C1", "balance.C2", "network.Density", "network.ClsCoef", 
"network.Hubs", "ANN", "C4.5", "kNN", "SVM"))
