aux <-
structure(c(0.28309996744449, 61.7599328270086, 1, 0, 0, 0.0110187371062483, 
0.637087541573864, 0, 0.199493190404182, 0.606821754542546, 0.0143360284602487, 
0.0166990931172471, 0.0167018510415687, 0.270010199919948, 45.378947368421, 
57.48, 0.789473684210526, 0.930953668144054, 1.20794812164867, 
0.108652610750943, 0.429602677503926, 0.313774998391308, 0.971742968891301, 
0.858141503888587, 0.874785788569362, 0.925863062940857), .Names = c("overlapping.F1", 
"overlapping.F1v", "overlapping.F2", "overlapping.F3", "overlapping.F4", 
"neighborhood.N1", "neighborhood.N2", "neighborhood.N3", "neighborhood.N4", 
"neighborhood.T1", "neighborhood.LSCAvg", "linearity.L1", "linearity.L2", 
"linearity.L3", "dimensionality.T2", "dimensionality.T3", "dimensionality.T4", 
"balance.C1", "balance.C2", "network.Density", "network.ClsCoef", 
"network.Hubs", "ANN", "C4.5", "kNN", "SVM"))
