aux <-
structure(c(0.278148000286469, 0.338496883113502, 0.246674658194084, 
0.279899173998748, 0.292652472104834, 0.277458606460171, 0.300344499950134, 
0.259476641598565, 0.286850703719709, 0.270998035018684, 63.6732234528155, 
63.2720475085808, 63.2981309915917, 63.2337120715872, 63.6550921703357, 
63.2514997371594, 63.6302422040376, 59.2206301710375, 55.4184893048904, 
58.94626065805, 1, 1, 1, 1, 1, 1, 1, 1, 1, 1, 0, 0, 0, 0, 0, 
0, 0, 0, 0, 0, 0, 0, 0, 0, 0, 0, 0, 0, 0, 0, 0.015063731170336, 
0.00696055684454756, 0.00463499420625724, 0.0162412993039443, 
0.0150812064965197, 0.0162224797219003, 0.00696055684454756, 
0.00579374275782155, 0.00696864111498258, 0.016260162601626, 
0.637362637362637, 0.638032305433187, 0.636197440585009, 0.637564196625092, 
0.635931211123308, 0.637362637362637, 0.638501102130786, 0.637728937728938, 
0.635931211123308, 0.636263736263736, 0, 0, 0, 0, 0, 0, 0, 0, 
0, 0, 0.196987253765933, 0.200696055684455, 0.206257242178447, 
0.198375870069606, 0.200696055684455, 0.194669756662804, 0.213457076566125, 
0.17728852838934, 0.21602787456446, 0.19047619047619, 0.632676709154114, 
0.614849187935035, 0.602549246813441, 0.59860788863109, 0.583526682134571, 
0.589803012746234, 0.633410672853828, 0.592120509849363, 0.596980255516841, 
0.623693379790941, 0.0143802977836081, 0.0140947238656123, 0.0142473706612386, 
0.0141041445728651, 0.0145159640613476, 0.0143695561979621, 0.0142764089340604, 
0.0143735842925793, 0.0145510514338593, 0.0144471827993541, 0.0162201411747023, 
0.016239357366461, 0.0162196599258081, 0.0162384462270407, 0.0162379181030726, 
0.0162196353818304, 0.0162387009388091, 0.0173780855449101, 0.0185804824740625, 
0.0174185040357738, 0.0162224797219004, 0.0162412993039444, 0.0162224797219004, 
0.0162412993039444, 0.0162412993039444, 0.0162224797219004, 0.0162412993039444, 
0.0173812282734647, 0.0185830429732868, 0.0174216027874564, 0.28505214368482, 
0.273781902552204, 0.267670915411356, 0.265661252900232, 0.276102088167053, 
0.250289687137891, 0.294663573085847, 0.247972190034762, 0.272938443670151, 
0.265969802555168, 45.4210526315789, 45.3684210526316, 45.4210526315789, 
45.3684210526316, 45.3684210526316, 45.4210526315789, 45.3684210526316, 
45.4210526315789, 45.3157894736842, 45.3157894736842, 57.5333333333333, 
57.4666666666667, 57.5333333333333, 57.4666666666667, 57.4666666666667, 
57.5333333333333, 57.4666666666667, 57.5333333333333, 57.4, 57.4, 
0.789473684210526, 0.789473684210526, 0.789473684210526, 0.789473684210526, 
0.789473684210526, 0.789473684210526, 0.789473684210526, 0.789473684210526, 
0.789473684210526, 0.789473684210526, 0.930872063966727, 0.93123953857123, 
0.930872063966727, 0.93123953857123, 0.93123953857123, 0.930872063966727, 
0.93123953857123, 0.930872063966727, 0.930545135644354, 0.930545135644354, 
1.20821473469485, 1.20701331258131, 1.20821473469485, 1.20701331258131, 
1.20701331258131, 1.20821473469485, 1.20701331258131, 1.20821473469485, 
1.20928451369104, 1.20928451369104, 0.109288001441042, 0.10870648978283, 
0.108080859678508, 0.108684931728336, 0.109450242662851, 0.108438431737343, 
0.107857641387153, 0.107833516600216, 0.108905275099263, 0.109280717391892, 
0.430375468465015, 0.429361644340591, 0.429126100454794, 0.42901378601169, 
0.430775426125646, 0.428674060977528, 0.429478436590801, 0.429067882483712, 
0.430281558398785, 0.429872411190702, 0.296097540923179, 0.347370532311228, 
0.308926018596523, 0.30939089512838, 0.308330272546766, 0.314800193988683, 
0.319023426600336, 0.315748203687603, 0.30859736529026, 0.309465534840126, 
0.947368421052632, 0.979166666666667, 0.978947368421053, 0.979166666666667, 
0.96875, 0.957894736842105, 0.958333333333333, 0.968421052631579, 
0.989690721649485, 0.989690721649485, 0.821052631578947, 0.770833333333333, 
0.873684210526316, 0.885416666666667, 0.833333333333333, 0.936842105263158, 
0.770833333333333, 0.936842105263158, 0.907216494845361, 0.845360824742268, 
0.873684210526316, 0.895833333333333, 0.873684210526316, 0.927083333333333, 
0.822916666666667, 0.842105263157895, 0.84375, 0.936842105263158, 
0.876288659793814, 0.855670103092783, 0.926315789473684, 0.916666666666667, 
0.905263157894737, 0.927083333333333, 0.9375, 0.91578947368421, 
0.9375, 0.936842105263158, 0.927835051546392, 0.927835051546392
), .Dim = c(10L, 26L), .Dimnames = list(NULL, c("overlapping.F1", 
"overlapping.F1v", "overlapping.F2", "overlapping.F3", "overlapping.F4", 
"neighborhood.N1", "neighborhood.N2", "neighborhood.N3", "neighborhood.N4", 
"neighborhood.T1", "neighborhood.LSCAvg", "linearity.L1", "linearity.L2", 
"linearity.L3", "dimensionality.T2", "dimensionality.T3", "dimensionality.T4", 
"balance.C1", "balance.C2", "network.Density", "network.ClsCoef", 
"network.Hubs", "ANN", "C4.5", "kNN", "SVM")))
