aux <-
structure(c(0.763090184596695, 4.87083505462499, 0.20448797757369, 
0.0255144032921811, 0.0913580246913581, 0.341563786008231, 0.670297318606986, 
0.224279835390946, 0.0938271604938272, 0.481069958847737, 0.0347660417619265, 
0.119940373669451, 0.146090534979424, 0.0967078189300411, 18.6923076923077, 
81, 0.230769230769231, 0.991076059838222, 1.025, 0.138581097166956, 
0.551541817132336, 0.282524222529105, 0.796296296296297, 0.8, 
0.748148148148148, 0.82962962962963), .Names = c("overlapping.F1", 
"overlapping.F1v", "overlapping.F2", "overlapping.F3", "overlapping.F4", 
"neighborhood.N1", "neighborhood.N2", "neighborhood.N3", "neighborhood.N4", 
"neighborhood.T1", "neighborhood.LSCAvg", "linearity.L1", "linearity.L2", 
"linearity.L3", "dimensionality.T2", "dimensionality.T3", "dimensionality.T4", 
"balance.C1", "balance.C2", "network.Density", "network.ClsCoef", 
"network.Hubs", "ANN", "C4.5", "kNN", "SVM"))
