aux <-
structure(c(0.70357713733051, 0.650539534431517, 0.780459292445903, 
0.708541781181194, 0.905111798499305, 0.722447846653925, 0.784781090465761, 
0.753832155593134, 0.857979805804883, 0.763631403560815, 4.62831938752979, 
4.71290622596653, 4.85952435558778, 4.97823142780978, 5.22783140799179, 
4.94561255977333, 4.58114862254743, 4.73469230421323, 5.18261181819441, 
4.85747243663582, 0.22869714960819, 0.209757814335943, 0.275777683538493, 
0.184603620708211, 0.194398914868239, 0.225119918414668, 0.191008236120537, 
0.202852900335322, 0.163254902667126, 0.169408635140166, 0.0164609053497942, 
0.0452674897119342, 0.0288065843621399, 0.0246913580246914, 0.0164609053497942, 
0.0164609053497942, 0.0246913580246914, 0.0164609053497942, 0.0288065843621399, 
0.037037037037037, 0.0905349794238683, 0.0864197530864197, 0.106995884773663, 
0.102880658436214, 0.065843621399177, 0.0905349794238683, 0.102880658436214, 
0.0946502057613169, 0.0864197530864197, 0.0864197530864197, 0.320987654320988, 
0.345679012345679, 0.353909465020576, 0.349794238683128, 0.337448559670782, 
0.345679012345679, 0.337448559670782, 0.353909465020576, 0.325102880658436, 
0.345679012345679, 0.684637971297306, 0.675171304375191, 0.669965929395612, 
0.654112638428983, 0.656174593887517, 0.679910383144035, 0.674818053204947, 
0.681700094079256, 0.648289435188836, 0.678192783068173, 0.222222222222222, 
0.222222222222222, 0.230452674897119, 0.213991769547325, 0.226337448559671, 
0.226337448559671, 0.222222222222222, 0.246913580246914, 0.201646090534979, 
0.230452674897119, 0.0781893004115226, 0.0781893004115226, 0.0864197530864197, 
0.0864197530864197, 0.0699588477366255, 0.111111111111111, 0.0781893004115226, 
0.106995884773663, 0.111111111111111, 0.131687242798354, 0.502057613168724, 
0.489711934156379, 0.460905349794239, 0.481481481481481, 0.45679012345679, 
0.489711934156379, 0.497942386831276, 0.473251028806584, 0.444444444444444, 
0.51440329218107, 0.0332605124557571, 0.0332943826313739, 0.0353096580805771, 
0.0353773984318109, 0.0391369879252824, 0.0317532896408068, 0.0332943826313739, 
0.0340395264949449, 0.038137817744585, 0.0340564615827533, 0.126842209716491, 
0.117675511404185, 0.116029012253015, 0.126358878375017, 0.120048023338255, 
0.118022616778682, 0.12442602050765, 0.117978000876556, 0.112978091527845, 
0.119045371916813, 0.131687242798354, 0.139917695473251, 0.139917695473251, 
0.148148148148148, 0.1440329218107, 0.1440329218107, 0.164609053497942, 
0.160493827160494, 0.139917695473251, 0.148148148148148, 0.0987654320987654, 
0.102880658436214, 0.127572016460905, 0.0781893004115226, 0.0781893004115226, 
0.0699588477366255, 0.065843621399177, 0.139917695473251, 0.0823045267489712, 
0.123456790123457, 18.6923076923077, 18.6923076923077, 18.6923076923077, 
18.6923076923077, 18.6923076923077, 18.6923076923077, 18.6923076923077, 
18.6923076923077, 18.6923076923077, 18.6923076923077, 81, 81, 
81, 81, 81, 81, 81, 81, 81, 81, 0.230769230769231, 0.230769230769231, 
0.230769230769231, 0.230769230769231, 0.230769230769231, 0.230769230769231, 
0.230769230769231, 0.230769230769231, 0.230769230769231, 0.230769230769231, 
0.991076059838222, 0.991076059838222, 0.991076059838222, 0.991076059838222, 
0.991076059838222, 0.991076059838222, 0.991076059838222, 0.991076059838222, 
0.991076059838222, 0.991076059838222, 1.025, 1.025, 1.025, 1.025, 
1.025, 1.025, 1.025, 1.025, 1.025, 1.025, 0.137605006291875, 
0.13685678332143, 0.138047138047138, 0.138965411692684, 0.142264394789647, 
0.137741046831956, 0.137809067101996, 0.13695881372649, 0.140903989388838, 
0.138659320477502, 0.546673306772908, 0.549498491124062, 0.552716370704708, 
0.555515710271173, 0.556838382399395, 0.545857635206787, 0.552368047063489, 
0.55062004949665, 0.556468614478807, 0.548861563805377, 0.289256620221248, 
0.257258731158745, 0.291961142515347, 0.267970669294461, 0.296444039209242, 
0.28615401055986, 0.280008189506961, 0.284770571502368, 0.280572356398722, 
0.290845894924095, 0.777777777777778, 0.851851851851852, 0.814814814814815, 
0.777777777777778, 0.703703703703704, 0.851851851851852, 0.740740740740741, 
0.814814814814815, 0.703703703703704, 0.925925925925926, 0.740740740740741, 
0.851851851851852, 0.777777777777778, 0.777777777777778, 0.740740740740741, 
0.814814814814815, 0.851851851851852, 0.888888888888889, 0.703703703703704, 
0.851851851851852, 0.703703703703704, 0.851851851851852, 0.666666666666667, 
0.666666666666667, 0.777777777777778, 0.888888888888889, 0.851851851851852, 
0.740740740740741, 0.555555555555556, 0.777777777777778, 0.851851851851852, 
0.851851851851852, 0.888888888888889, 0.777777777777778, 0.703703703703704, 
0.777777777777778, 0.888888888888889, 0.925925925925926, 0.740740740740741, 
0.888888888888889), .Dim = c(10L, 26L), .Dimnames = list(NULL, 
    c("overlapping.F1", "overlapping.F1v", "overlapping.F2", 
    "overlapping.F3", "overlapping.F4", "neighborhood.N1", "neighborhood.N2", 
    "neighborhood.N3", "neighborhood.N4", "neighborhood.T1", 
    "neighborhood.LSCAvg", "linearity.L1", "linearity.L2", "linearity.L3", 
    "dimensionality.T2", "dimensionality.T3", "dimensionality.T4", 
    "balance.C1", "balance.C2", "network.Density", "network.ClsCoef", 
    "network.Hubs", "ANN", "C4.5", "kNN", "SVM")))
