aux <-
structure(c(6.86083309925517, 6.54114381866529, 6.60065397510418, 
6.90692120754736, 6.90084748951446, 6.51858126127857, 6.84268600737376, 
6.55717155845938, 6.74168455887336, 6.90960785795285, 15.1604617382523, 
14.7035835701949, 14.5387803437424, 14.7080869013938, 14.2999673594724, 
14.5670377036389, 14.9963778894203, 14.7131070454381, 14.801337309869, 
14.8839035623337, 0.0248563316501963, 0.0202124366775981, 0.0289320512842473, 
0.0313504179108141, 0.0292592299841972, 0.0284001499777479, 0.0301225196284381, 
0.0223038606857871, 0.0286934276605165, 0.0285859800468051, 0.248741990127328, 
0.249855049214558, 0.248041244614334, 0.255750609751424, 0.248922851352157, 
0.248915839427467, 0.250349583499363, 0.251286062508488, 0.251094678484835, 
0.251772115877023, 0.828027764164897, 0.805575333103715, 0.853722229586017, 
0.814837304773437, 0.834768733180193, 0.810939511414595, 0.833839257622523, 
0.835548465781378, 0.806611381004178, 0.808402058412244, 0.431011826544021, 
0.436842105263158, 0.460629921259843, 0.455978975032852, 0.436268068331143, 
0.450131233595801, 0.448230668414155, 0.444152431011827, 0.433070866141732, 
0.449408672798949, 0.774762851594017, 0.770822133670298, 0.783347248256085, 
0.760478418236405, 0.775058236949214, 0.785270424710286, 0.770855032553534, 
0.775000366883794, 0.772755554287471, 0.77129366752375, 0.289093298291721, 
0.298684210526316, 0.322834645669291, 0.304862023653088, 0.303547963206308, 
0.321522309711286, 0.304062909567497, 0.303547963206308, 0.300524934383202, 
0.31011826544021, 0.327201051248357, 0.3, 0.366141732283465, 
0.344283837056505, 0.35611038107753, 0.335958005249344, 0.348623853211009, 
0.331143232588699, 0.349081364829396, 0.344283837056505, 0.716162943495401, 
0.725, 0.728346456692913, 0.717477003942181, 0.717477003942181, 
0.723097112860892, 0.72608125819135, 0.724047306176084, 0.720472440944882, 
0.708278580814718, 0.0105107568193866, 0.0102908587257618, 0.00989074200370623, 
0.0101861269061215, 0.00983559566998952, 0.00974607504770565, 
0.0102358593466846, 0.009864950502572, 0.0102885761327078, 0.00986322374771421, 
0.0323922590991828, 0.0335002863718359, 0.0331281439736256, 0.0331093027006916, 
0.0335932760955363, 0.0317159251160659, 0.0319828317092347, 0.0325257661986105, 
0.0319091774107878, 0.0326546418526008, 0.0606259986981258, 0.0594622210642266, 
0.0657140001890832, 0.0632293377885116, 0.0646554072704163, 0.0652662479755503, 
0.0635027173201329, 0.0580412584827001, 0.0610335242249695, 0.0610575177847893, 
0.136524210564957, 0.1443560965324, 0.147121256282386, 0.162938794888962, 
0.152821055929103, 0.164769513462205, 0.149506757305818, 0.15188947003101, 
0.14780975751677, 0.149529796742399, 42.2777777777778, 42.2222222222222, 
42.3333333333333, 42.2777777777778, 42.2777777777778, 42.3333333333333, 
42.3888888888889, 42.2777777777778, 42.3333333333333, 42.2777777777778, 
761, 760, 762, 761, 761, 762, 763, 761, 762, 761, 0.0555555555555556, 
0.0555555555555556, 0.0555555555555556, 0.0555555555555556, 0.0555555555555556, 
0.0555555555555556, 0.0555555555555556, 0.0555555555555556, 0.0555555555555556, 
0.0555555555555556, 0.999539612873399, 0.999540876309595, 0.999515070663793, 
0.999539612873399, 0.999595990904219, 0.999515070663793, 0.999487009941107, 
0.999539612873399, 0.999510240794423, 0.999539612873399, 1.00055510986532, 
1.0005549810399, 1.00058472825642, 1.00055510986532, 1.00048939236991, 
1.00058472825642, 1.00061886200948, 1.00055510986532, 1.00059103199642, 
1.00055510986532, 0.0727090393526523, 0.072827820539491, 0.0711489578914331, 
0.0729580192267792, 0.0724738916937547, 0.0719353247729711, 0.0724519526802269, 
0.072072757452106, 0.072704446766756, 0.0719171450307767, 0.745359668754567, 
0.756364080896679, 0.74638578170499, 0.749169057502136, 0.740704490396262, 
0.743723970179578, 0.748035097073099, 0.744060103449817, 0.746944806074882, 
0.74043579244483, 0.114409854740388, 0.114070545289941, 0.109426347075767, 
0.111758625773088, 0.11156480807922, 0.109578171544241, 0.112698768495173, 
0.110068919172474, 0.113740700290335, 0.109053169435504, 0.752941176470588, 
0.813953488372093, 0.892857142857143, 0.788235294117647, 0.847058823529412, 
0.773809523809524, 0.819277108433735, 0.835294117647059, 0.773809523809524, 
0.823529411764706, 0.729411764705882, 0.709302325581395, 0.714285714285714, 
0.788235294117647, 0.658823529411765, 0.69047619047619, 0.759036144578313, 
0.635294117647059, 0.738095238095238, 0.752941176470588, 0.682352941176471, 
0.651162790697674, 0.761904761904762, 0.670588235294118, 0.611764705882353, 
0.75, 0.686746987951807, 0.694117647058824, 0.714285714285714, 
0.729411764705882, 0.741176470588235, 0.755813953488372, 0.80952380952381, 
0.717647058823529, 0.788235294117647, 0.714285714285714, 0.807228915662651, 
0.729411764705882, 0.702380952380952, 0.823529411764706), .Dim = c(10L, 
26L), .Dimnames = list(NULL, c("overlapping.F1", "overlapping.F1v", 
"overlapping.F2", "overlapping.F3", "overlapping.F4", "neighborhood.N1", 
"neighborhood.N2", "neighborhood.N3", "neighborhood.N4", "neighborhood.T1", 
"neighborhood.LSCAvg", "linearity.L1", "linearity.L2", "linearity.L3", 
"dimensionality.T2", "dimensionality.T3", "dimensionality.T4", 
"balance.C1", "balance.C2", "network.Density", "network.ClsCoef", 
"network.Hubs", "ANN", "C4.5", "kNN", "SVM")))
