aux <-
structure(c(6.73801308340244, 14.7372643423756, 0.0272716405506348, 
0.250473002485698, 0.823227203904318, 0.444572476839348, 0.773964393466485, 
0.305879852365523, 0.340282729460081, 0.72064401070606, 0.010071276490235, 
0.0326511610528172, 0.0622588230798506, 0.150726670925601, 42.3, 
761.4, 0.0555555555555556, 0.999532271077053, 1.00056441633898, 
0.0723199355406947, 0.746118284847684, 0.111636990989613, 0.812076561081143, 
0.717590149536979, 0.69523355489576, 0.75892333453415), .Names = c("overlapping.F1", 
"overlapping.F1v", "overlapping.F2", "overlapping.F3", "overlapping.F4", 
"neighborhood.N1", "neighborhood.N2", "neighborhood.N3", "neighborhood.N4", 
"neighborhood.T1", "neighborhood.LSCAvg", "linearity.L1", "linearity.L2", 
"linearity.L3", "dimensionality.T2", "dimensionality.T3", "dimensionality.T4", 
"balance.C1", "balance.C2", "network.Density", "network.ClsCoef", 
"network.Hubs", "ANN", "C4.5", "kNN", "SVM"))
