aux <-
structure(c(Inf, 7.26748795820836, 0, 0.190884434328511, 0.990520254368835, 
0.177897701667418, 0.568974307212371, 0.0949660393646737, 0.0933958163387544, 
0.314665026947301, 0.0920767018103718, 0.0507268610594416, 0.0544475470444803, 
0.0750112536595786, 9.57272727272727, 13.7347826086956, 0.696969696969697, 
0.941822684253111, 1.17288058514965, 0.155117166929054, 0.666920551651373, 
0.276977247818068, 0.90593837535014, 0.903239962651727, 0.869509803921569, 
0.940228758169934), .Names = c("overlapping.F1", "overlapping.F1v", 
"overlapping.F2", "overlapping.F3", "overlapping.F4", "neighborhood.N1", 
"neighborhood.N2", "neighborhood.N3", "neighborhood.N4", "neighborhood.T1", 
"neighborhood.LSCAvg", "linearity.L1", "linearity.L2", "linearity.L3", 
"dimensionality.T2", "dimensionality.T3", "dimensionality.T4", 
"balance.C1", "balance.C2", "network.Density", "network.ClsCoef", 
"network.Hubs", "ANN", "C4.5", "kNN", "SVM"))
