aux <-
structure(c(Inf, Inf, Inf, Inf, Inf, Inf, Inf, Inf, Inf, Inf, 
7.05292127985069, 6.79520826269661, 7.15656459454569, 7.1763434679876, 
7.43787934818884, 7.30686148395394, 7.5144787835677, 7.13203070706566, 
7.18395374853106, 7.91863790569582, 0, 0, 0, 0, 0, 0, 0, 0, 0, 
0, 0.189873417721519, 0.189873417721519, 0.182965299684543, 0.189873417721519, 
0.186708860759494, 0.19620253164557, 0.19047619047619, 0.199367088607595, 
0.187301587301587, 0.19620253164557, 1, 1, 0.930599369085173, 
1, 1, 1, 0.974603174603175, 1, 1, 1, 0.174050632911392, 0.183544303797468, 
0.186119873817035, 0.161392405063291, 0.180379746835443, 0.193037974683544, 
0.171428571428571, 0.180379746835443, 0.171428571428571, 0.177215189873418, 
0.569289972004092, 0.572817499339617, 0.563304367035461, 0.572933626576305, 
0.568824351382113, 0.578084340840053, 0.563128262002762, 0.570961689526842, 
0.56705324222693, 0.563345721189537, 0.0949367088607595, 0.0949367088607595, 
0.0977917981072555, 0.0854430379746835, 0.0981012658227848, 0.10126582278481, 
0.0952380952380952, 0.0949367088607595, 0.0952380952380952, 0.0917721518987342, 
0.0886075949367089, 0.0791139240506329, 0.0977917981072555, 0.0632911392405063, 
0.0949367088607595, 0.0917721518987342, 0.133333333333333, 0.0854430379746835, 
0.0952380952380952, 0.104430379746835, 0.335443037974684, 0.329113924050633, 
0.28391167192429, 0.313291139240506, 0.306962025316456, 0.30379746835443, 
0.323809523809524, 0.335443037974684, 0.301587301587302, 0.313291139240506, 
0.0874959942316936, 0.0886877103028361, 0.0956124550945875, 0.0998938471398814, 
0.0941956417240827, 0.0873357634994392, 0.0919828672209625, 0.0904001762538055, 
0.0944419249181154, 0.0907206377183144, 0.0566873152844686, 0.0476822978723614, 
0.0444003566638472, 0.0502875422787372, 0.0574689047203175, 0.0569925486111275, 
0.041195389180197, 0.0566422600656742, 0.0521951622359149, 0.0437168336817709, 
0.069620253164557, 0.0474683544303798, 0.0441640378548895, 0.0569620253164557, 
0.0632911392405063, 0.0632911392405063, 0.0476190476190477, 0.0569620253164557, 
0.0507936507936508, 0.0443037974683544, 0.069620253164557, 0.0791139240506329, 
0.100946372239748, 0.0854430379746836, 0.0664556962025317, 0.0569620253164557, 
0.0857142857142857, 0.0822784810126582, 0.0507936507936508, 0.0727848101265823, 
9.57575757575758, 9.57575757575758, 9.60606060606061, 9.57575757575758, 
9.57575757575758, 9.57575757575758, 9.54545454545454, 9.57575757575758, 
9.54545454545454, 9.57575757575758, 13.7391304347826, 13.7391304347826, 
13.7826086956522, 13.7391304347826, 13.7391304347826, 13.7391304347826, 
13.695652173913, 13.7391304347826, 13.695652173913, 13.7391304347826, 
0.696969696969697, 0.696969696969697, 0.696969696969697, 0.696969696969697, 
0.696969696969697, 0.696969696969697, 0.696969696969697, 0.696969696969697, 
0.696969696969697, 0.696969696969697, 0.940668678741954, 0.940668678741954, 
0.942368516564103, 0.940668678741954, 0.943311820548485, 0.943311820548485, 
0.94162407467687, 0.943311820548485, 0.94162407467687, 0.940668678741954, 
1.17655521164828, 1.17655521164828, 1.17113905453288, 1.17655521164828, 
1.16814313010248, 1.16814313010248, 1.17350828003154, 1.16814313010248, 
1.17350828003154, 1.17655521164828, 0.1541289933695, 0.154992967651195, 
0.153575849538793, 0.157162949568013, 0.154631303998393, 0.155334538878843, 
0.15604084521282, 0.15328511151296, 0.156162167627136, 0.155856941932891, 
0.668915516373144, 0.662236940061373, 0.666078809589419, 0.658053170671509, 
0.669003898447509, 0.667769773358265, 0.672245352804042, 0.672383834077808, 
0.665997420551408, 0.666520800579254, 0.280916313526612, 0.283264764010991, 
0.273240638250289, 0.280797258958132, 0.27189272288905, 0.276488733755665, 
0.276579589189684, 0.274097296340263, 0.278105845042711, 0.274389316217286, 
0.942857142857143, 0.885714285714286, 0.911764705882353, 0.885714285714286, 
0.914285714285714, 0.857142857142857, 0.944444444444444, 0.914285714285714, 
0.888888888888889, 0.914285714285714, 0.942857142857143, 0.942857142857143, 
0.911764705882353, 0.914285714285714, 0.914285714285714, 0.857142857142857, 
0.861111111111111, 0.885714285714286, 0.916666666666667, 0.885714285714286, 
0.942857142857143, 0.857142857142857, 0.911764705882353, 0.828571428571429, 
0.914285714285714, 0.914285714285714, 0.805555555555556, 0.942857142857143, 
0.777777777777778, 0.8, 0.971428571428571, 0.971428571428571, 
0.941176470588235, 0.914285714285714, 0.942857142857143, 0.942857142857143, 
0.944444444444444, 0.942857142857143, 0.916666666666667, 0.914285714285714
), .Dim = c(10L, 26L), .Dimnames = list(NULL, c("overlapping.F1", 
"overlapping.F1v", "overlapping.F2", "overlapping.F3", "overlapping.F4", 
"neighborhood.N1", "neighborhood.N2", "neighborhood.N3", "neighborhood.N4", 
"neighborhood.T1", "neighborhood.LSCAvg", "linearity.L1", "linearity.L2", 
"linearity.L3", "dimensionality.T2", "dimensionality.T3", "dimensionality.T4", 
"balance.C1", "balance.C2", "network.Density", "network.ClsCoef", 
"network.Hubs", "ANN", "C4.5", "kNN", "SVM")))
