aux <-
structure(c(2.9670626965992, 9.12700267223585, 0.000468036671295284, 
0.199052360092837, 0.533099743951117, 0.367488846773112, 0.948465765782632, 
0.263644291632365, 0.0120666372982153, 1, 0.00137779998960207, 
0.0485672542875361, 0.0604873293078586, 0.0193820045142441, 112.5, 
125, 0.9, 0.999947413269628, 1.00008720510603, 0.11619393740765, 
0.529405648188775, 0.148000808901503, 0.834790924763699, 0.74559921999688, 
0.72119875999504, 0.860402578410314), .Names = c("overlapping.F1", 
"overlapping.F1v", "overlapping.F2", "overlapping.F3", "overlapping.F4", 
"neighborhood.N1", "neighborhood.N2", "neighborhood.N3", "neighborhood.N4", 
"neighborhood.T1", "neighborhood.LSCAvg", "linearity.L1", "linearity.L2", 
"linearity.L3", "dimensionality.T2", "dimensionality.T3", "dimensionality.T4", 
"balance.C1", "balance.C2", "network.Density", "network.ClsCoef", 
"network.Hubs", "ANN", "C4.5", "kNN", "SVM"))
