aux <-
structure(c(2.97045976714412, 2.96775363144283, 2.93377965110379, 
2.97785522373876, 2.91726217734905, 2.96732418536782, 2.99927138859877, 
3.05397335303572, 2.92815571924349, 2.9547918689677, 9.09066863720654, 
9.07662204282094, 9.15593909542753, 9.08535306765148, 9.11340933127797, 
9.19421774286478, 9.17177416349371, 9.10240597363522, 9.08644023652214, 
9.19319643145819, 0.000571326526879239, 0.00045630296245951, 
0.000476979733262775, 0.000445943593842086, 0.000413731814446628, 
0.000493917740826037, 0.000517562341667145, 0.000447113162222741, 
0.000372069774769814, 0.000485419062576864, 0.198079178159666, 
0.210936173257971, 0.19414853840781, 0.198997664002341, 0.197260559760854, 
0.197429814494508, 0.197656221806302, 0.199721250766545, 0.196683176886645, 
0.199611023385725, 0.552003307275106, 0.528708710611073, 0.532870439400789, 
0.529915104377025, 0.529130257712706, 0.524274551254964, 0.530201983059659, 
0.533674882210679, 0.54161752267426, 0.528600680934913, 0.371860413425206, 
0.364888888888889, 0.366444444444444, 0.3721395245501, 0.361777777777778, 
0.36296954878862, 0.364585647633859, 0.374888888888889, 0.369777777777778, 
0.365555555555556, 0.94900576146917, 0.948311476222827, 0.947282425508748, 
0.948485316454565, 0.948177751940791, 0.947880154697899, 0.948827299931822, 
0.94915875437849, 0.948828054272948, 0.948700662949058, 0.265836852633919, 
0.263333333333333, 0.260444444444444, 0.263941346367474, 0.258444444444444, 
0.258501889308735, 0.267273939124639, 0.268444444444444, 0.267555555555556, 
0.262666666666667, 0.0142253834185375, 0.0153333333333333, 0.00977777777777778, 
0.0151077538324817, 0.01, 0.0115581240275617, 0.0119973339257943, 
0.0106666666666667, 0.00866666666666667, 0.0133333333333333, 
1, 1, 1, 1, 1, 1, 1, 1, 1, 1, 0.00137206652971362, 0.00139185185185185, 
0.00139649382716049, 0.00135752004750876, 0.00138508641975309, 
0.00141608609178963, 0.00137469759737906, 0.00135091358024691, 
0.00135535802469136, 0.00137792592592593, 0.0491571456592318, 
0.0490478989021752, 0.0482401465431517, 0.0483699085703175, 0.0482045067470592, 
0.0479171231587335, 0.0483165912253854, 0.0490893272049784, 0.0480421088230469, 
0.0492877860412818, 0.0607373658145489, 0.06138177432773, 0.0602898329838648, 
0.0599262970020419, 0.0610543237182892, 0.0596123377505352, 0.0591541081042398, 
0.0609398254695844, 0.0618414250159561, 0.0599360028917957, 0.0190869095391415, 
0.0198479227027937, 0.0188478012945654, 0.0187277602393692, 0.0191809239400135, 
0.020502522649729, 0.0222717735941039, 0.0179685182737414, 0.0190777297004706, 
0.0183081832085128, 112.475, 112.5, 112.5, 112.525, 112.5, 112.475, 
112.525, 112.5, 112.5, 112.5, 124.972222222222, 125, 125, 125.027777777778, 
125, 124.972222222222, 125.027777777778, 125, 125, 125, 0.9, 
0.9, 0.9, 0.9, 0.9, 0.9, 0.9, 0.9, 0.9, 0.9, 0.999949350387637, 
0.99994632757023, 0.999946599354471, 0.999948054281823, 0.999946599354471, 
0.999944916895767, 0.999948054281823, 0.999946599354471, 0.99995103186112, 
0.999946599354471, 1.00008397437847, 1.00008900284454, 1.00008856347215, 
1.00008613817062, 1.00008856347215, 1.00009135809374, 1.00008613817062, 
1.00008856347215, 1.00008118551366, 1.00008856347215, 0.115913016982876, 
0.116031611963152, 0.116424686967474, 0.11597580784517, 0.116181472425971, 
0.116508772118818, 0.116439013552544, 0.11602301746067, 0.116065298461386, 
0.116376676298437, 0.528515952763102, 0.52995540839879, 0.52943080280236, 
0.529999336730596, 0.529203981926335, 0.530305608671429, 0.530177624236885, 
0.528858028024492, 0.528796417222474, 0.52881332111129, 0.134802293983612, 
0.151667628480685, 0.150553738968787, 0.135573690520385, 0.150860849769946, 
0.152154427233086, 0.150576681188383, 0.151645274849841, 0.15048445909005, 
0.151689044930257, 0.834331337325349, 0.852, 0.826, 0.82565130260521, 
0.826, 0.844311377245509, 0.807615230460922, 0.868, 0.856, 0.808, 
0.768463073852295, 0.744, 0.714, 0.761523046092184, 0.706, 0.758483033932136, 
0.761523046092184, 0.748, 0.77, 0.724, 0.722554890219561, 0.72, 
0.72, 0.743486973947896, 0.718, 0.730538922155689, 0.703406813627255, 
0.718, 0.738, 0.698, 0.864271457085828, 0.868, 0.84, 0.87374749498998, 
0.846, 0.852295409181637, 0.855711422845691, 0.874, 0.874, 0.856
), .Dim = c(10L, 26L), .Dimnames = list(NULL, c("overlapping.F1", 
"overlapping.F1v", "overlapping.F2", "overlapping.F3", "overlapping.F4", 
"neighborhood.N1", "neighborhood.N2", "neighborhood.N3", "neighborhood.N4", 
"neighborhood.T1", "neighborhood.LSCAvg", "linearity.L1", "linearity.L2", 
"linearity.L3", "dimensionality.T2", "dimensionality.T3", "dimensionality.T4", 
"balance.C1", "balance.C2", "network.Density", "network.ClsCoef", 
"network.Hubs", "ANN", "C4.5", "kNN", "SVM")))
