aux <-
structure(c(175.797167570576, 183.995947310827, 196.937371830844, 
217.226104535454, 211.772986686113, 188.834456908086, 215.589598782194, 
181.72860266373, 174.392568181956, 176.576659073664, 100.581157664654, 
106.673332277182, 105.243656028752, 103.758524374341, 114.885229489028, 
103.064308383395, 106.099092852454, 103.482506055948, 106.993421136657, 
102.864462393463, 0.00638176638176638, 0.00691358024691358, 0.00478632478632478, 
0.00478632478632478, 0.00672672672672672, 0.00531813865147198, 
0.00512820512820512, 0.00197530864197531, 0.00638176638176638, 
0.00607787274453941, 0.87037037037037, 0.881481481481482, 0.914814814814815, 
0.877777777777778, 0.874074074074074, 0.9, 0.903703703703704, 
0.922222222222222, 0.877777777777778, 0.881481481481482, 0.944444444444444, 
0.955555555555556, 0.974074074074074, 0.962962962962963, 0.962962962962963, 
0.962962962962963, 0.955555555555556, 0.974074074074074, 0.962962962962963, 
0.955555555555556, 0.111111111111111, 0.118518518518519, 0.111111111111111, 
0.103703703703704, 0.111111111111111, 0.103703703703704, 0.103703703703704, 
0.111111111111111, 0.118518518518519, 0.111111111111111, 0.201990168771324, 
0.196177896709773, 0.186217370400184, 0.179362734754168, 0.196365267343471, 
0.196133581196118, 0.191356688300026, 0.186793126711377, 0.196000386655825, 
0.192436597715413, 0.0666666666666667, 0.0666666666666667, 0.0592592592592593, 
0.0518518518518519, 0.0592592592592593, 0.0592592592592593, 0.0592592592592593, 
0.0592592592592593, 0.0666666666666667, 0.0518518518518519, 0.0444444444444444, 
0.0222222222222222, 0.00740740740740741, 0.0222222222222222, 
0.0148148148148148, 0.0148148148148148, 0.0222222222222222, 0.00740740740740741, 
0.00740740740740741, 0.00740740740740741, 0.148148148148148, 
0.125925925925926, 0.118518518518519, 0.125925925925926, 0.118518518518519, 
0.125925925925926, 0.118518518518519, 0.125925925925926, 0.133333333333333, 
0.125925925925926, 0.18238683127572, 0.184965706447188, 0.184910836762689, 
0.184197530864198, 0.182551440329218, 0.183100137174211, 0.194513031550069, 
0.182935528120713, 0.184087791495199, 0.190946502057613, 0.0048809683867897, 
0.00387294188466831, 0.00383195982824848, 0.00483293573379044, 
0.00381310771637816, 0.00168933633634814, 0.00418140142154916, 
0.00368947249672126, 0.00462265275723863, 0.00495105082289601, 
0.0148148148148148, 0.0148148148148148, 0.0111111111111111, 0.0148148148148148, 
0.0148148148148148, 0.0111111111111111, 0.0148148148148148, 0.0148148148148148, 
0.0148148148148148, 0.0185185185185185, 0, 0.00740740740740742, 
0.00370370370370369, 0, 0.00740740740740742, 0, 0, 0.0148148148148148, 
0.00370370370370369, 0.00740740740740742, 33.75, 33.75, 33.75, 
33.75, 33.75, 33.75, 33.75, 33.75, 33.75, 33.75, 67.5, 67.5, 
67.5, 67.5, 67.5, 67.5, 67.5, 67.5, 67.5, 67.5, 0.5, 0.5, 0.5, 
0.5, 0.5, 0.5, 0.5, 0.5, 0.5, 0.5, 1, 1, 1, 1, 1, 1, 1, 1, 1, 
1, 1, 1, 1, 1, 1, 1, 1, 1, 1, 1, 0.166169154228856, 0.169154228855721, 
0.167274737423991, 0.165837479270315, 0.167716970702045, 0.167827529021559, 
0.169928137092316, 0.170923161967938, 0.167827529021559, 0.169485903814262, 
0.740320309750088, 0.728957789198753, 0.750499464342589, 0.741790426601976, 
0.738175822268506, 0.738106972024931, 0.736258478511722, 0.729368091531152, 
0.741999311768754, 0.734817473223799, 0.220858275286999, 0.224823278993649, 
0.205651973030115, 0.212223038734712, 0.224523509314129, 0.220866721480183, 
0.220453019593049, 0.2197681480889, 0.218048971355978, 0.223334489937312, 
1, 1, 0.8, 1, 1, 0.933333333333333, 0.933333333333333, 1, 1, 
0.933333333333333, 1, 1, 0.933333333333333, 0.933333333333333, 
1, 0.933333333333333, 0.866666666666667, 0.933333333333333, 1, 
1, 1, 1, 0.933333333333333, 0.933333333333333, 0.933333333333333, 
0.933333333333333, 0.866666666666667, 0.933333333333333, 0.933333333333333, 
0.933333333333333, 1, 1, 1, 0.933333333333333, 1, 0.933333333333333, 
0.933333333333333, 0.933333333333333, 1, 0.933333333333333), .Dim = c(10L, 
26L), .Dimnames = list(NULL, c("overlapping.F1", "overlapping.F1v", 
"overlapping.F2", "overlapping.F3", "overlapping.F4", "neighborhood.N1", 
"neighborhood.N2", "neighborhood.N3", "neighborhood.N4", "neighborhood.T1", 
"neighborhood.LSCAvg", "linearity.L1", "linearity.L2", "linearity.L3", 
"dimensionality.T2", "dimensionality.T3", "dimensionality.T4", 
"balance.C1", "balance.C2", "network.Density", "network.ClsCoef", 
"network.Hubs", "ANN", "C4.5", "kNN", "SVM")))
