aux <-
structure(c(192.285146354344, 105.364569065587, 0.00544760144760144, 
0.89037037037037, 0.961111111111111, 0.11037037037037, 0.192283381855768, 
0.06, 0.017037037037037, 0.126666666666667, 0.185459533607682, 
0.00403658273846283, 0.0144444444444444, 0.00444444444444444, 
33.75, 67.5, 0.5, 1, 1, 0.168214483139856, 0.738029413922227, 
0.219055142581503, 0.96, 0.96, 0.94, 0.966666666666667), .Names = c("overlapping.F1", 
"overlapping.F1v", "overlapping.F2", "overlapping.F3", "overlapping.F4", 
"neighborhood.N1", "neighborhood.N2", "neighborhood.N3", "neighborhood.N4", 
"neighborhood.T1", "neighborhood.LSCAvg", "linearity.L1", "linearity.L2", 
"linearity.L3", "dimensionality.T2", "dimensionality.T3", "dimensionality.T4", 
"balance.C1", "balance.C2", "network.Density", "network.ClsCoef", 
"network.Hubs", "ANN", "C4.5", "kNN", "SVM"))
