aux <-
structure(c(0.257222094708811, 0.225107309161906, 0.707643994961396, 
0.0374667800530534, 0.0508616705906502, 0.685116478236841, 0.987373102666033, 
0.40495170543371, 0.589845854361497, 0.811963803542466, 0.00160751503834238, 
0.258449038047022, 0.302012131955882, 0.294353925536445, 460.8, 
921.6, 0.5, 0.924688526142657, 1.0852731480847, 0.0629012658656884, 
0.730863529302952, 0.170598962336916, 0.487889861724827, 0.533800893378447, 
0.445119031463398, 0.521189235571187), .Names = c("overlapping.F1", 
"overlapping.F1v", "overlapping.F2", "overlapping.F3", "overlapping.F4", 
"neighborhood.N1", "neighborhood.N2", "neighborhood.N3", "neighborhood.N4", 
"neighborhood.T1", "neighborhood.LSCAvg", "linearity.L1", "linearity.L2", 
"linearity.L3", "dimensionality.T2", "dimensionality.T3", "dimensionality.T4", 
"balance.C1", "balance.C2", "network.Density", "network.ClsCoef", 
"network.Hubs", "ANN", "C4.5", "kNN", "SVM"))
