aux <-
structure(c(0.242090203223051, 0.229560014478753, 0.265060262101253, 
0.25607659709645, 0.271239948902965, 0.280954796925742, 0.277219085263914, 
0.231431021486348, 0.297672852997363, 0.22091616461227, 0.227749700440935, 
0.19407934822132, 0.226910780495788, 0.223962823227527, 0.23298603725028, 
0.228152621711796, 0.246067338068707, 0.22747654417731, 0.257905822793061, 
0.185782075232336, 0.722994015239799, 0.712456021320554, 0.713158687637074, 
0.694487149983986, 0.68378889986047, 0.713158687637074, 0.713158687637074, 
0.713158687637074, 0.69692042502378, 0.713158687637074, 0.040167050369856, 
0.0363288968080929, 0.0387207922655379, 0.0338942982865524, 0.0406355681717626, 
0.0353334796512822, 0.0377659120297285, 0.036051063690315, 0.037947070214949, 
0.0378236690424577, 0.0526790362011704, 0.0481543531117904, 0.0518684048922939, 
0.0485659131923089, 0.0576606485382037, 0.0489351979529889, 0.0510318044603174, 
0.049169690204582, 0.0494490436345977, 0.0511026137182483, 0.686550976138829, 
0.672826086956522, 0.694896851248643, 0.690889370932755, 0.682953311617807, 
0.683640303358613, 0.701411509229099, 0.674972914409534, 0.672806067172264, 
0.690217391304348, 0.974173383780237, 0.974352711284817, 1.00703694395577, 
1.01683937823835, 0.997726875327867, 0.942870975550719, 1.00543209876544, 
1.00862281350087, 0.894297303746129, 1.05237854251013, 0.413232104121475, 
0.391304347826087, 0.424538545059718, 0.393709327548807, 0.39956568946797, 
0.395449620801733, 0.418023887079262, 0.398699891657638, 0.401950162513543, 
0.41304347826087, 0.592190889370933, 0.578260869565217, 0.574375678610206, 
0.608459869848156, 0.601520086862106, 0.586132177681473, 0.59500542888165, 
0.599133261105092, 0.563380281690141, 0.6, 0.808026030368764, 
0.810869565217391, 0.819761129207383, 0.823210412147505, 0.813246471226927, 
0.791982665222102, 0.818675352877307, 0.81148429035753, 0.802816901408451, 
0.819565217391304, 0.00172688816634591, 0.00172849716446125, 
0.00150900510586024, 0.00149867542501682, 0.00151843638777187, 
0.00170319357599049, 0.00159388664306488, 0.00155998915402575, 
0.00172901732421364, 0.00150756143667297, 0.259021966298928, 
0.259711748300858, 0.25713428392616, 0.259669574741611, 0.258694192675101, 
0.259120538868585, 0.258574280374788, 0.258341227299272, 0.2565501329135, 
0.257672435071421, 0.304182788818953, 0.305436205475738, 0.300282345584538, 
0.304375909651608, 0.302324973980187, 0.302657989340636, 0.301728165240688, 
0.300717331545547, 0.294571532376486, 0.303844077544441, 0.288525681009971, 
0.298961482883716, 0.28478855521079, 0.297144508346265, 0.295316203766064, 
0.288544799996799, 0.296428432743966, 0.298544287942006, 0.294921004677615, 
0.300364298787261, 461, 460, 460.5, 461, 460.5, 461.5, 460.5, 
461.5, 461.5, 460, 922, 920, 921, 922, 921, 923, 921, 923, 923, 
920, 0.5, 0.5, 0.5, 0.5, 0.5, 0.5, 0.5, 0.5, 0.5, 0.5, 0.92488399781796, 
0.92429274998231, 0.924433682338221, 0.92488399781796, 0.924016896150313, 
0.925025680425664, 0.925159643208717, 0.925025680425664, 0.924870183277452, 
0.92429274998231, 1.08529146829267, 1.08554730960738, 1.085195166006, 
1.08529146829267, 1.08603764797071, 1.08493890206692, 1.08480236418456, 
1.08493890206692, 1.08514094275179, 1.08554730960738, 0.0628925929327973, 
0.0624994086199555, 0.0627649530283718, 0.0627936718788641, 0.0631520558938772, 
0.0626059040711816, 0.062701222678563, 0.063444911081708, 0.0640583027616727, 
0.0620996357098926, 0.73636462580098, 0.731429438405639, 0.727324410604076, 
0.734159328585544, 0.726213074129002, 0.732753950222127, 0.731494014969611, 
0.728157727270462, 0.731038829346761, 0.729699893695314, 0.157442832332933, 
0.15322858522019, 0.195568251727532, 0.155337050688348, 0.152161204785263, 
0.200198094597732, 0.208482221200724, 0.161091397989654, 0.154339923218873, 
0.16814006160791, 0.490196078431373, 0.538461538461538, 0.524271844660194, 
0.529411764705882, 0.466019417475728, 0.455445544554455, 0.514563106796116, 
0.445544554455446, 0.386138613861386, 0.528846153846154, 0.490196078431373, 
0.528846153846154, 0.572815533980582, 0.549019607843137, 0.58252427184466, 
0.544554455445545, 0.58252427184466, 0.455445544554455, 0.445544554455446, 
0.586538461538462, 0.431372549019608, 0.423076923076923, 0.533980582524272, 
0.46078431372549, 0.407766990291262, 0.425742574257426, 0.514563106796116, 
0.376237623762376, 0.425742574257426, 0.451923076923077, 0.5, 
0.548076923076923, 0.563106796116505, 0.558823529411765, 0.504854368932039, 
0.544554455445545, 0.514563106796116, 0.504950495049505, 0.396039603960396, 
0.576923076923077), .Dim = c(10L, 26L), .Dimnames = list(NULL, 
    c("overlapping.F1", "overlapping.F1v", "overlapping.F2", 
    "overlapping.F3", "overlapping.F4", "neighborhood.N1", "neighborhood.N2", 
    "neighborhood.N3", "neighborhood.N4", "neighborhood.T1", 
    "neighborhood.LSCAvg", "linearity.L1", "linearity.L2", "linearity.L3", 
    "dimensionality.T2", "dimensionality.T3", "dimensionality.T4", 
    "balance.C1", "balance.C2", "network.Density", "network.ClsCoef", 
    "network.Hubs", "ANN", "C4.5", "kNN", "SVM")))
