aux <-
structure(c(Inf, 0.829969862923182, 0, 0.388603916127043, 0.647451048411964, 
1, 54.09230286927, 1, 0.36576813179677, 1, 0.00854750807994525, 
1276121.227455, 0.268862550107925, 0.237015494912118, 4.33333333333333, 
117, 0.037037037037037, 0.999882510283713, 1.00011860572622, 
0.0548276795978369, 0.837412145822153, 0.125834531815246, 0.0969780219780219, 
0.433516483516484, 0.046978021978022, 0.126648351648352), .Names = c("overlapping.F1", 
"overlapping.F1v", "overlapping.F2", "overlapping.F3", "overlapping.F4", 
"neighborhood.N1", "neighborhood.N2", "neighborhood.N3", "neighborhood.N4", 
"neighborhood.T1", "neighborhood.LSCAvg", "linearity.L1", "linearity.L2", 
"linearity.L3", "dimensionality.T2", "dimensionality.T3", "dimensionality.T4", 
"balance.C1", "balance.C2", "network.Density", "network.ClsCoef", 
"network.Hubs", "ANN", "C4.5", "kNN", "SVM"))
