aux <-
structure(c(Inf, Inf, Inf, Inf, Inf, Inf, Inf, Inf, Inf, Inf, 
0.7954062705725, 0.873172637604142, 0.748987377671275, 0.720691979972942, 
0.948266084080757, 1.06281472509087, 0.847275445593674, 0.721132532716962, 
0.796433897298533, 0.785517678630167, 0, 0, 0, 0, 0, 0, 0, 0, 
0, 0, 0.378004548257786, 0.382171214924453, 0.376595744680851, 
0.378415047795251, 0.519120027752081, 0.3720436324391, 0.378630897317299, 
0.364014801110083, 0.373120952821462, 0.363922294172063, 0.639095744680851, 
0.626329787234043, 0.632932469935245, 0.620293709528215, 0.772710453283996, 
0.647918593894542, 0.658926919518964, 0.635337650323774, 0.618763490595128, 
0.622201665124884, 1, 1, 1, 1, 1, 1, 1, 1, 1, 1, 53.6883552482664, 
58.2858382039713, 51.2507309269598, 61.7737976365403, 51.6846187633119, 
39.7864927444959, 53.7979901027606, 58.9612537389883, 55.5771507084816, 
56.1168006189238, 1, 1, 1, 1, 1, 1, 1, 1, 1, 1, 0.364406779661017, 
0.288135593220339, 0.362068965517241, 0.440677966101695, 0.376068376068376, 
0.282051282051282, 0.405172413793103, 0.353448275862069, 0.432203389830508, 
0.353448275862069, 1, 1, 1, 1, 1, 1, 1, 1, 1, 1, 0.00847457627118644, 
0.00847457627118644, 0.00862068965517241, 0.00847457627118644, 
0.00854700854700855, 0.00854700854700855, 0.00862068965517241, 
0.00862068965517241, 0.00847457627118644, 0.00862068965517241, 
0.133598385405379, 9.95757506390837, 818325.545106435, 2252272.13579779, 
8344.28737684727, 8546093.8341931, 134.622148053128, 544517.506383511, 
22.828032364883, 591491.42433845, 0.250811362935554, 0.306307816836263, 
0.307215541165587, 0.281808896083873, 0.21365826395313, 0.261069996916435, 
0.25, 0.311470860314524, 0.264284613012643, 0.24199814986124, 
0.218759636139377, 0.252713536848597, 0.302913968547641, 0.209769118100524, 
0.184052189330866, 0.248030373111317, 0.241581868640148, 0.276919518963922, 
0.240872648781992, 0.194542090656799, 4.37037037037037, 4.37037037037037, 
4.2962962962963, 4.37037037037037, 4.33333333333333, 4.33333333333333, 
4.2962962962963, 4.2962962962963, 4.37037037037037, 4.2962962962963, 
118, 118, 116, 118, 117, 117, 116, 116, 118, 116, 0.037037037037037, 
0.037037037037037, 0.037037037037037, 0.037037037037037, 0.037037037037037, 
0.037037037037037, 0.037037037037037, 0.037037037037037, 0.037037037037037, 
0.037037037037037, 0.999865740588469, 0.999865740588469, 0.999908430936227, 
0.999865740588469, 0.999864208369172, 0.999864208369172, 0.999908430936227, 
0.999908430936227, 0.999865740588469, 0.999908430936227, 1.00013437849944, 
1.00013437849944, 1.00009350163628, 1.00013437849944, 1.00013726835964, 
1.00013726835964, 1.00009350163628, 1.00009350163628, 1.00013437849944, 
1.00009350163628, 0.0520063740402723, 0.0562074460379545, 0.055472263868066, 
0.0538896132116471, 0.0574712643678161, 0.0551134689065724, 0.0556221889055472, 
0.0518740629685157, 0.0564971751412429, 0.0541229385307346, 0.846153846153846, 
0.847246891651865, 0.824835783547075, 0.834732085216269, 0.845725995316159, 
0.831775700934579, 0.84803605924018, 0.825224550898204, 0.833813364055299, 
0.836577181208054, 0.118438135533653, 0.123279824773333, 0.132028182293082, 
0.121202196651427, 0.131649498780866, 0.121296243152647, 0.127875813317864, 
0.126168433108053, 0.127887419846584, 0.128519570694955, 0, 0.0833333333333333, 
0.142857142857143, 0.0833333333333333, 0, 0.0769230769230769, 
0.0714285714285714, 0.214285714285714, 0.0833333333333333, 0.214285714285714, 
0.666666666666667, 0.416666666666667, 0.285714285714286, 0.5, 
0.384615384615385, 0.307692307692308, 0.5, 0.428571428571429, 
0.416666666666667, 0.428571428571429, 0, 0.0833333333333333, 
0, 0.0833333333333333, 0, 0.0769230769230769, 0.0714285714285714, 
0.0714285714285714, 0.0833333333333333, 0, 0, 0.0833333333333333, 
0.142857142857143, 0.0833333333333333, 0.0769230769230769, 0.153846153846154, 
0.0714285714285714, 0.357142857142857, 0.0833333333333333, 0.214285714285714
), .Dim = c(10L, 26L), .Dimnames = list(NULL, c("overlapping.F1", 
"overlapping.F1v", "overlapping.F2", "overlapping.F3", "overlapping.F4", 
"neighborhood.N1", "neighborhood.N2", "neighborhood.N3", "neighborhood.N4", 
"neighborhood.T1", "neighborhood.LSCAvg", "linearity.L1", "linearity.L2", 
"linearity.L3", "dimensionality.T2", "dimensionality.T3", "dimensionality.T4", 
"balance.C1", "balance.C2", "network.Density", "network.ClsCoef", 
"network.Hubs", "ANN", "C4.5", "kNN", "SVM")))
