aux <-
structure(c(2440.08161543921, 1022.24210997754, 0, 1, 1, 0.0806386409925613, 
0.137968005044214, 0.0007168458781362, 0.0433877783691742, 0.150178962781838, 
0.0462974059043864, 0, 0, 0.00134304569324128, 34.875, 279, 0.125, 
0.984513588841955, 1.00812199712017, 0.0781949230403399, 0.851063585063422, 
0.0998783270733091, 0.996666666666667, 0.967485779654161, 1, 
0.944878863720632), .Names = c("overlapping.F1", "overlapping.F1v", 
"overlapping.F2", "overlapping.F3", "overlapping.F4", "neighborhood.N1", 
"neighborhood.N2", "neighborhood.N3", "neighborhood.N4", "neighborhood.T1", 
"neighborhood.LSCAvg", "linearity.L1", "linearity.L2", "linearity.L3", 
"dimensionality.T2", "dimensionality.T3", "dimensionality.T4", 
"balance.C1", "balance.C2", "network.Density", "network.ClsCoef", 
"network.Hubs", "ANN", "C4.5", "kNN", "SVM"))
