aux <-
structure(c(2267.62863148845, 2469.8705954156, 2589.30987726521, 
2444.17797285389, 2568.39746452042, 2491.50664163866, 2305.66003690776, 
2360.19186845433, 2325.89199288148, 2578.18107296631, 981.314778952051, 
1001.28616284307, 1093.66746405125, 1095.54811177011, 1038.47345854995, 
1086.37607028029, 977.26514361819, 1012.52163508672, 959.854530706255, 
976.113743917538, 0, 0, 0, 0, 0, 0, 0, 0, 0, 0, 1, 1, 1, 1, 1, 
1, 1, 1, 1, 1, 1, 1, 1, 1, 1, 1, 1, 1, 1, 1, 0.0824372759856631, 
0.0788530465949821, 0.0857142857142857, 0.079136690647482, 0.0860215053763441, 
0.0782918149466192, 0.0785714285714286, 0.0860215053763441, 0.0722021660649819, 
0.079136690647482, 0.139842924198664, 0.141488771316907, 0.13514963148128, 
0.138627081691214, 0.140629483559152, 0.139405139171289, 0.132426875997961, 
0.139687395050392, 0.133059397211555, 0.139363350763722, 0, 0.003584229390681, 
0, 0, 0, 0, 0, 0.003584229390681, 0, 0, 0.043010752688172, 0.028673835125448, 
0.0464285714285714, 0.0539568345323741, 0.0501792114695341, 0.0320284697508897, 
0.0357142857142857, 0.03584229390681, 0.036101083032491, 0.0719424460431655, 
0.150537634408602, 0.150537634408602, 0.15, 0.151079136690647, 
0.150537634408602, 0.153024911032028, 0.142857142857143, 0.157706093189964, 
0.151624548736462, 0.143884892086331, 0.045965493762927, 0.0473914774990044, 
0.0469260204081633, 0.0470084364163346, 0.0459269536619519, 0.0452248578412128, 
0.0465561224489796, 0.0463123546717026, 0.0469053421783159, 0.0447570001552715, 
0, 0, 0, 0, 0, 0, 0, 0, 0, 0, 0, 0, 0, 0, 0, 0, 0, 0, 0, 0, 0.00122601279317697, 
0.00208936474659745, 0.00119163247404085, 0.000788061703554659, 
0.00159458434106322, 0.00120893712443008, 0.00120279593318809, 
0.00210782568055134, 0.000811419095001184, 0.00120982304080895, 
34.875, 34.875, 35, 34.75, 34.875, 35.125, 35, 34.875, 34.625, 
34.75, 279, 279, 280, 278, 279, 281, 280, 279, 277, 278, 0.125, 
0.125, 0.125, 0.125, 0.125, 0.125, 0.125, 0.125, 0.125, 0.125, 
0.984149549886443, 0.984344572852217, 0.985280802031298, 0.984317321528133, 
0.984344572852217, 0.985269738468578, 0.984229576082592, 0.984344572852217, 
0.984537860337718, 0.984317321528133, 1.00831747442252, 1.00818336835418, 
1.00778296496383, 1.00823402882062, 1.00818336835418, 1.00776264504632, 
1.00822878134849, 1.00818336835418, 1.00810994271676, 1.00823402882062, 
0.076841752404528, 0.0792398339393002, 0.0793650793650794, 0.0780198945536711, 
0.078131043552255, 0.0780376207422471, 0.0791602662570405, 0.0775637554472551, 
0.0782713336472558, 0.0773186504947666, 0.845750518229484, 0.854966309494857, 
0.853513214452909, 0.851204386122596, 0.853853293457283, 0.84735514181312, 
0.850262137163804, 0.850552316431601, 0.852905042998831, 0.850273490469733, 
0.0998677554233846, 0.101128145576165, 0.101407069372088, 0.0972067097866837, 
0.100678418108078, 0.0992548284081625, 0.0991833597607909, 0.0996237167170832, 
0.100768670628132, 0.0996645969525235, 1, 1, 0.966666666666667, 
1, 1, 1, 1, 1, 1, 1, 0.935483870967742, 0.935483870967742, 0.966666666666667, 
0.96875, 0.967741935483871, 0.931034482758621, 1, 1, 0.96969696969697, 
1, 1, 1, 1, 1, 1, 1, 1, 1, 1, 1, 0.967741935483871, 0.935483870967742, 
0.933333333333333, 0.96875, 0.903225806451613, 0.931034482758621, 
0.933333333333333, 0.967741935483871, 0.939393939393939, 0.96875
), .Dim = c(10L, 26L), .Dimnames = list(NULL, c("overlapping.F1", 
"overlapping.F1v", "overlapping.F2", "overlapping.F3", "overlapping.F4", 
"neighborhood.N1", "neighborhood.N2", "neighborhood.N3", "neighborhood.N4", 
"neighborhood.T1", "neighborhood.LSCAvg", "linearity.L1", "linearity.L2", 
"linearity.L3", "dimensionality.T2", "dimensionality.T3", "dimensionality.T4", 
"balance.C1", "balance.C2", "network.Density", "network.ClsCoef", 
"network.Hubs", "ANN", "C4.5", "kNN", "SVM")))
